student;snapshot;c_error;r_error;t_failed;t_success
008a13042777e1aaca446a68fbc5b3877e6ed232;2020-11-13T23_36_17.319Z;0;0;0;36
008a13042777e1aaca446a68fbc5b3877e6ed232;2020-11-13T23_40_35.184Z;0;0;0;36
008a13042777e1aaca446a68fbc5b3877e6ed232;2020-11-13T23_40_50.656Z;0;0;0;36
008a13042777e1aaca446a68fbc5b3877e6ed232;2020-11-13T23_41_09.942Z;0;0;0;36
008a13042777e1aaca446a68fbc5b3877e6ed232;2020-11-13T23_41_16.960Z;1;0;0;0
008a13042777e1aaca446a68fbc5b3877e6ed232;2020-11-13T23_53_21.573Z;0;0;0;36
008a13042777e1aaca446a68fbc5b3877e6ed232;2020-11-13T23_54_09.258Z;0;0;0;36
008a13042777e1aaca446a68fbc5b3877e6ed232;2020-11-13T23_54_15.380Z;0;0;0;36
008a13042777e1aaca446a68fbc5b3877e6ed232;2020-11-14T00_10_48.254Z;1;0;1;13
008a13042777e1aaca446a68fbc5b3877e6ed232;2020-11-15T18_28_07.083Z;0;0;0;36
008a13042777e1aaca446a68fbc5b3877e6ed232;2020-11-15T20_20_54.861Z;0;0;0;13
008a13042777e1aaca446a68fbc5b3877e6ed232;2020-11-15T20_21_09.835Z;0;0;0;36
008a13042777e1aaca446a68fbc5b3877e6ed232;2020-11-15T20_36_44.598Z;0;0;0;21
008a13042777e1aaca446a68fbc5b3877e6ed232;2020-11-16T01_04_24.612Z;1;0;0;17
008a13042777e1aaca446a68fbc5b3877e6ed232;2020-11-17T02_01_17.394Z;0;6;6;30
008a13042777e1aaca446a68fbc5b3877e6ed232;2020-11-18T00_42_25.202Z;0;0;0;36
008a13042777e1aaca446a68fbc5b3877e6ed232;2020-11-18T00_49_10.947Z;0;0;0;36
008a13042777e1aaca446a68fbc5b3877e6ed232;2020-11-18T00_50_17.327Z;0;0;0;36
008a13042777e1aaca446a68fbc5b3877e6ed232;2020-11-18T00_52_24.648Z;0;0;0;36
008a13042777e1aaca446a68fbc5b3877e6ed232;2020-11-23T15_36_21.358Z;0;0;0;36
008a13042777e1aaca446a68fbc5b3877e6ed232;2020-11-23T15_58_24.986Z;0;0;0;36
008a13042777e1aaca446a68fbc5b3877e6ed232;2020-11-23T16_14_25.701Z;0;0;0;36
008a13042777e1aaca446a68fbc5b3877e6ed232;2020-11-23T16_18_23.588Z;0;0;0;36
0106f488719b5b6dec8020fdf6c9e2e6d2059227;2020-11-18T01_28_41.001Z;1;0;0;0
0106f488719b5b6dec8020fdf6c9e2e6d2059227;2020-11-18T01_28_56.114Z;0;0;0;36
0106f488719b5b6dec8020fdf6c9e2e6d2059227;2020-11-18T01_30_15.506Z;1;0;0;0
0106f488719b5b6dec8020fdf6c9e2e6d2059227;2020-11-18T01_30_45.854Z;0;0;0;13
0106f488719b5b6dec8020fdf6c9e2e6d2059227;2020-11-18T01_34_27.996Z;1;0;0;17
0106f488719b5b6dec8020fdf6c9e2e6d2059227;2020-11-18T01_48_56.664Z;0;0;0;17
0106f488719b5b6dec8020fdf6c9e2e6d2059227;2020-11-18T01_52_05.251Z;2;0;0;0
0106f488719b5b6dec8020fdf6c9e2e6d2059227;2020-11-18T02_27_32.013Z;1;4;4;4
0106f488719b5b6dec8020fdf6c9e2e6d2059227;2020-11-18T02_28_43.974Z;0;0;0;17
0106f488719b5b6dec8020fdf6c9e2e6d2059227;2020-11-18T02_45_28.040Z;0;0;14;22
0106f488719b5b6dec8020fdf6c9e2e6d2059227;2020-11-23T16_47_26.342Z;2;0;0;0
0106f488719b5b6dec8020fdf6c9e2e6d2059227;2020-11-23T17_08_49.020Z;2;0;0;0
0106f488719b5b6dec8020fdf6c9e2e6d2059227;2020-11-23T21_00_32.586Z;0;0;14;22
0106f488719b5b6dec8020fdf6c9e2e6d2059227;2020-11-23T21_20_35.283Z;0;5;9;27
0106f488719b5b6dec8020fdf6c9e2e6d2059227;2020-11-23T21_41_43.185Z;0;5;9;27
0106f488719b5b6dec8020fdf6c9e2e6d2059227;2020-11-23T22_01_19.053Z;0;5;5;31
0106f488719b5b6dec8020fdf6c9e2e6d2059227;2020-11-23T22_29_35.201Z;1;0;0;17
0106f488719b5b6dec8020fdf6c9e2e6d2059227;2020-11-23T23_06_05.493Z;0;0;14;22
0106f488719b5b6dec8020fdf6c9e2e6d2059227;2020-11-23T23_53_04.009Z;0;1;14;22
0106f488719b5b6dec8020fdf6c9e2e6d2059227;2020-11-24T00_06_02.454Z;0;1;14;22
0106f488719b5b6dec8020fdf6c9e2e6d2059227;2020-11-24T00_44_03.820Z;0;1;10;26
0106f488719b5b6dec8020fdf6c9e2e6d2059227;2020-11-24T01_33_11.077Z;0;5;8;28
0106f488719b5b6dec8020fdf6c9e2e6d2059227;2020-11-24T01_51_41.539Z;0;0;0;36
0106f488719b5b6dec8020fdf6c9e2e6d2059227;2020-11-24T01_56_43.737Z;0;5;8;28
0106f488719b5b6dec8020fdf6c9e2e6d2059227;2020-11-24T02_15_59.767Z;0;5;5;31
0106f488719b5b6dec8020fdf6c9e2e6d2059227;2020-11-24T16_29_08.339Z;0;0;0;36
0106f488719b5b6dec8020fdf6c9e2e6d2059227;2020-11-24T16_48_19.635Z;0;0;3;33
0106f488719b5b6dec8020fdf6c9e2e6d2059227;2020-11-24T17_12_21.339Z;0;0;3;33
0106f488719b5b6dec8020fdf6c9e2e6d2059227;2020-11-24T17_36_08.104Z;0;0;0;34
0106f488719b5b6dec8020fdf6c9e2e6d2059227;2020-11-24T18_16_35.197Z;0;0;2;34
0106f488719b5b6dec8020fdf6c9e2e6d2059227;2020-11-24T19_09_53.940Z;0;0;0;36
025e11c5a647be6af45e5040241901ecd65080f3;2020-11-17T18_21_13.151Z;1;0;0;0
025e11c5a647be6af45e5040241901ecd65080f3;2020-11-17T18_21_36.913Z;0;0;0;13
025e11c5a647be6af45e5040241901ecd65080f3;2020-11-17T18_30_31.289Z;2;0;0;0
025e11c5a647be6af45e5040241901ecd65080f3;2020-11-17T18_31_10.677Z;1;0;0;17
025e11c5a647be6af45e5040241901ecd65080f3;2020-11-21T19_11_16.972Z;0;0;13;23
025e11c5a647be6af45e5040241901ecd65080f3;2020-11-21T19_39_43.278Z;0;16;16;20
025e11c5a647be6af45e5040241901ecd65080f3;2020-11-21T21_14_13.685Z;2;0;0;0
025e11c5a647be6af45e5040241901ecd65080f3;2020-11-21T21_30_32.260Z;0;5;6;30
025e11c5a647be6af45e5040241901ecd65080f3;2020-11-21T22_58_01.921Z;2;0;0;0
025e11c5a647be6af45e5040241901ecd65080f3;2020-11-22T12_50_43.808Z;2;0;0;0
025e11c5a647be6af45e5040241901ecd65080f3;2020-11-22T13_59_45.026Z;2;0;0;0
025e11c5a647be6af45e5040241901ecd65080f3;2020-11-22T14_55_04.345Z;0;1;9;27
025e11c5a647be6af45e5040241901ecd65080f3;2020-11-22T15_17_33.929Z;0;1;9;27
025e11c5a647be6af45e5040241901ecd65080f3;2020-11-22T16_32_38.733Z;0;0;6;30
025e11c5a647be6af45e5040241901ecd65080f3;2020-11-22T18_11_33.333Z;0;0;6;30
025e11c5a647be6af45e5040241901ecd65080f3;2020-11-22T19_09_43.328Z;0;0;0;36
025e11c5a647be6af45e5040241901ecd65080f3;2020-11-22T19_31_41.661Z;0;0;0;36
025e11c5a647be6af45e5040241901ecd65080f3;2020-11-22T19_33_53.425Z;2;0;0;0
025e11c5a647be6af45e5040241901ecd65080f3;2020-11-22T19_59_30.941Z;2;0;0;0
025e11c5a647be6af45e5040241901ecd65080f3;2020-11-22T20_12_18.542Z;0;0;0;36
025e11c5a647be6af45e5040241901ecd65080f3;2020-11-22T20_18_10.292Z;0;0;0;36
025e11c5a647be6af45e5040241901ecd65080f3;2020-11-22T20_18_13.890Z;2;0;0;0
025e11c5a647be6af45e5040241901ecd65080f3;2020-11-23T15_19_48.559Z;2;0;0;0
025e11c5a647be6af45e5040241901ecd65080f3;2020-11-23T15_20_07.791Z;0;0;0;36
025e11c5a647be6af45e5040241901ecd65080f3;2020-11-23T15_53_48.103Z;2;0;0;0
025e11c5a647be6af45e5040241901ecd65080f3;2020-11-23T16_09_21.370Z;0;0;0;36
025e11c5a647be6af45e5040241901ecd65080f3;2020-11-23T16_22_15.827Z;2;0;0;0
025e11c5a647be6af45e5040241901ecd65080f3;2020-11-23T16_30_48.559Z;0;0;0;36
03ca17c101841d13b549bea0ce51f4e0fe320d0c;2020-11-19T00_04_37.717Z;0;0;0;36
03ca17c101841d13b549bea0ce51f4e0fe320d0c;2020-11-25T16_02_53.348Z;1;0;0;0
03ca17c101841d13b549bea0ce51f4e0fe320d0c;2020-11-25T16_05_55.963Z;2;0;0;0
03ca17c101841d13b549bea0ce51f4e0fe320d0c;2020-11-25T16_06_08.501Z;0;0;0;13
03ca17c101841d13b549bea0ce51f4e0fe320d0c;2020-11-25T16_07_29.125Z;1;0;0;17
03ca17c101841d13b549bea0ce51f4e0fe320d0c;2020-11-25T16_34_17.486Z;0;0;0;36
03ca17c101841d13b549bea0ce51f4e0fe320d0c;2020-11-25T16_34_40.138Z;0;0;0;36
03ca17c101841d13b549bea0ce51f4e0fe320d0c;2020-11-25T16_39_10.102Z;2;0;0;0
03ca17c101841d13b549bea0ce51f4e0fe320d0c;2020-11-25T16_59_50.448Z;0;0;13;23
03ca17c101841d13b549bea0ce51f4e0fe320d0c;2020-11-25T17_35_33.412Z;0;0;0;36
03ca17c101841d13b549bea0ce51f4e0fe320d0c;2020-11-25T17_47_36.789Z;0;1;1;35
03ca17c101841d13b549bea0ce51f4e0fe320d0c;2020-11-25T17_55_56.251Z;0;0;13;23
03ca17c101841d13b549bea0ce51f4e0fe320d0c;2020-11-25T18_30_52.454Z;0;0;0;36
03ca17c101841d13b549bea0ce51f4e0fe320d0c;2020-11-25T18_47_53.038Z;0;0;0;36
03ca17c101841d13b549bea0ce51f4e0fe320d0c;2020-11-25T19_09_57.297Z;0;1;1;35
03ca17c101841d13b549bea0ce51f4e0fe320d0c;2020-11-25T19_20_30.847Z;0;0;0;36
03ca17c101841d13b549bea0ce51f4e0fe320d0c;2020-11-25T19_24_46.557Z;0;1;1;35
03ca17c101841d13b549bea0ce51f4e0fe320d0c;2020-11-25T19_54_04.268Z;0;0;0;36
03ca17c101841d13b549bea0ce51f4e0fe320d0c;2020-11-25T20_19_01.126Z;0;0;0;36
03ca17c101841d13b549bea0ce51f4e0fe320d0c;2020-11-25T20_22_03.482Z;0;0;0;36
04810dc49618a521e56f3207dc85b34ec4e67375;2020-11-17T22_15_39.960Z;1;0;0;0
04810dc49618a521e56f3207dc85b34ec4e67375;2020-11-17T22_47_35.889Z;0;0;0;36
04810dc49618a521e56f3207dc85b34ec4e67375;2020-11-17T22_57_47.531Z;0;0;0;13
04810dc49618a521e56f3207dc85b34ec4e67375;2020-11-17T22_59_09.529Z;0;0;13;23
04810dc49618a521e56f3207dc85b34ec4e67375;2020-11-18T01_30_18.814Z;0;1;8;28
04810dc49618a521e56f3207dc85b34ec4e67375;2020-11-18T21_20_22.435Z;0;1;4;32
04810dc49618a521e56f3207dc85b34ec4e67375;2020-11-18T23_06_05.007Z;0;2;8;28
04810dc49618a521e56f3207dc85b34ec4e67375;2020-11-18T23_49_21.523Z;0;2;4;32
04810dc49618a521e56f3207dc85b34ec4e67375;2020-11-18T23_55_21.040Z;0;0;0;36
04810dc49618a521e56f3207dc85b34ec4e67375;2020-11-19T00_12_08.381Z;0;0;0;36
04810dc49618a521e56f3207dc85b34ec4e67375;2020-11-19T00_16_23.157Z;0;0;0;36
04810dc49618a521e56f3207dc85b34ec4e67375;2020-11-19T00_18_35.647Z;0;1;3;33
04810dc49618a521e56f3207dc85b34ec4e67375;2020-11-19T00_33_06.610Z;0;0;2;34
04810dc49618a521e56f3207dc85b34ec4e67375;2020-11-19T00_43_52.959Z;0;0;0;36
04810dc49618a521e56f3207dc85b34ec4e67375;2020-11-19T00_58_59.912Z;0;0;0;36
04810dc49618a521e56f3207dc85b34ec4e67375;2020-11-19T01_03_18.677Z;0;0;0;36
04810dc49618a521e56f3207dc85b34ec4e67375;2020-11-19T22_46_21.819Z;0;0;0;36
04810dc49618a521e56f3207dc85b34ec4e67375;2020-11-19T23_01_27.573Z;0;0;0;36
04810dc49618a521e56f3207dc85b34ec4e67375;2020-11-19T23_03_46.773Z;0;0;0;36
04810dc49618a521e56f3207dc85b34ec4e67375;2020-11-20T18_38_26.243Z;0;0;0;36
04810dc49618a521e56f3207dc85b34ec4e67375;2020-11-24T22_39_15.205Z;0;0;0;36
04810dc49618a521e56f3207dc85b34ec4e67375;2020-11-24T22_41_46.287Z;0;0;0;36
04810dc49618a521e56f3207dc85b34ec4e67375;2021-04-02T19_31_47.324Z;0;1;5;31
04810dc49618a521e56f3207dc85b34ec4e67375;2021-04-02T19_56_28.223Z;0;0;0;36
04ddc6d8c8a0d19b0bbecc287f15f39b8c9d0795;2020-11-16T20_20_25.717Z;1;0;0;0
04ddc6d8c8a0d19b0bbecc287f15f39b8c9d0795;2020-11-16T20_22_20.246Z;0;0;0;36
04ddc6d8c8a0d19b0bbecc287f15f39b8c9d0795;2020-11-16T20_22_33.589Z;0;0;0;36
04ddc6d8c8a0d19b0bbecc287f15f39b8c9d0795;2020-11-16T20_22_51.602Z;0;0;0;13
04ddc6d8c8a0d19b0bbecc287f15f39b8c9d0795;2020-11-16T20_25_52.377Z;0;0;0;36
04ddc6d8c8a0d19b0bbecc287f15f39b8c9d0795;2020-11-16T20_25_52.385Z;0;0;0;36
04ddc6d8c8a0d19b0bbecc287f15f39b8c9d0795;2020-11-16T20_25_52.402Z;1;0;0;17
04ddc6d8c8a0d19b0bbecc287f15f39b8c9d0795;2020-11-16T20_43_54.132Z;0;0;13;23
04ddc6d8c8a0d19b0bbecc287f15f39b8c9d0795;2020-11-16T20_49_56.879Z;0;12;13;23
04ddc6d8c8a0d19b0bbecc287f15f39b8c9d0795;2020-11-16T21_13_25.361Z;0;12;13;23
04ddc6d8c8a0d19b0bbecc287f15f39b8c9d0795;2020-11-17T04_40_58.621Z;2;0;0;0
04ddc6d8c8a0d19b0bbecc287f15f39b8c9d0795;2020-11-17T16_37_55.348Z;0;1;7;29
04ddc6d8c8a0d19b0bbecc287f15f39b8c9d0795;2020-11-17T19_33_49.928Z;2;0;0;0
04ddc6d8c8a0d19b0bbecc287f15f39b8c9d0795;2020-11-17T21_34_08.241Z;2;0;0;0
04ddc6d8c8a0d19b0bbecc287f15f39b8c9d0795;2020-11-17T23_26_30.285Z;0;1;3;33
04ddc6d8c8a0d19b0bbecc287f15f39b8c9d0795;2020-11-17T23_57_33.289Z;0;0;13;23
04ddc6d8c8a0d19b0bbecc287f15f39b8c9d0795;2020-11-18T00_25_12.917Z;0;0;13;23
04ddc6d8c8a0d19b0bbecc287f15f39b8c9d0795;2020-11-18T00_45_47.008Z;0;0;13;23
04ddc6d8c8a0d19b0bbecc287f15f39b8c9d0795;2020-11-18T01_03_04.069Z;0;0;13;23
04ddc6d8c8a0d19b0bbecc287f15f39b8c9d0795;2020-11-19T01_45_12.867Z;1;0;0;17
04ddc6d8c8a0d19b0bbecc287f15f39b8c9d0795;2020-11-19T04_18_59.015Z;0;1;14;22
04ddc6d8c8a0d19b0bbecc287f15f39b8c9d0795;2020-11-19T06_17_15.147Z;0;1;10;26
04ddc6d8c8a0d19b0bbecc287f15f39b8c9d0795;2020-11-19T22_06_29.746Z;0;1;8;28
04ddc6d8c8a0d19b0bbecc287f15f39b8c9d0795;2020-11-19T22_19_31.830Z;1;0;0;17
04ddc6d8c8a0d19b0bbecc287f15f39b8c9d0795;2020-11-19T22_56_40.045Z;0;1;6;30
04ddc6d8c8a0d19b0bbecc287f15f39b8c9d0795;2020-11-20T00_15_20.449Z;0;1;3;33
04ddc6d8c8a0d19b0bbecc287f15f39b8c9d0795;2020-11-20T00_19_24.047Z;1;0;0;17
04ddc6d8c8a0d19b0bbecc287f15f39b8c9d0795;2020-11-20T05_14_59.626Z;0;1;2;34
04ddc6d8c8a0d19b0bbecc287f15f39b8c9d0795;2020-11-20T16_14_07.177Z;0;1;2;34
04ddc6d8c8a0d19b0bbecc287f15f39b8c9d0795;2020-11-20T16_28_37.359Z;0;1;1;35
04ddc6d8c8a0d19b0bbecc287f15f39b8c9d0795;2020-11-20T16_33_12.802Z;0;1;2;34
04ddc6d8c8a0d19b0bbecc287f15f39b8c9d0795;2020-11-21T20_13_48.680Z;0;0;0;36
04ddc6d8c8a0d19b0bbecc287f15f39b8c9d0795;2020-11-21T20_18_09.889Z;0;1;2;34
04ddc6d8c8a0d19b0bbecc287f15f39b8c9d0795;2020-11-23T22_12_39.920Z;0;0;0;36
04ddc6d8c8a0d19b0bbecc287f15f39b8c9d0795;2020-11-23T22_34_39.822Z;0;0;0;36
04ddc6d8c8a0d19b0bbecc287f15f39b8c9d0795;2020-11-23T22_46_15.745Z;0;0;0;36
04ddc6d8c8a0d19b0bbecc287f15f39b8c9d0795;2020-11-23T22_47_46.558Z;0;0;0;36
04ddc6d8c8a0d19b0bbecc287f15f39b8c9d0795;2020-11-25T04_13_55.107Z;0;0;0;36
04ddc6d8c8a0d19b0bbecc287f15f39b8c9d0795;2020-11-25T04_57_45.423Z;0;0;0;36
04ddc6d8c8a0d19b0bbecc287f15f39b8c9d0795;2020-11-25T05_00_01.572Z;0;0;0;36
084446117d0ab708d724abbe76e58340d13dc899;2020-11-24T09_13_17.583Z;0;0;0;36
084446117d0ab708d724abbe76e58340d13dc899;2020-11-24T09_13_43.753Z;0;0;0;13
084446117d0ab708d724abbe76e58340d13dc899;2020-11-24T09_14_13.193Z;0;0;0;17
084446117d0ab708d724abbe76e58340d13dc899;2020-11-24T09_24_40.441Z;0;0;0;36
084446117d0ab708d724abbe76e58340d13dc899;2020-11-24T09_29_16.141Z;0;0;13;23
084446117d0ab708d724abbe76e58340d13dc899;2020-11-24T10_05_27.128Z;0;0;0;36
084446117d0ab708d724abbe76e58340d13dc899;2020-11-25T16_46_24.914Z;0;0;0;36
084446117d0ab708d724abbe76e58340d13dc899;2020-11-25T16_46_38.271Z;0;1;6;29
084446117d0ab708d724abbe76e58340d13dc899;2020-11-25T17_12_21.675Z;0;4;4;32
084446117d0ab708d724abbe76e58340d13dc899;2020-11-25T18_01_27.346Z;0;0;4;32
084446117d0ab708d724abbe76e58340d13dc899;2020-11-25T19_18_53.676Z;0;0;4;32
084446117d0ab708d724abbe76e58340d13dc899;2020-11-25T19_52_37.004Z;0;0;0;36
084446117d0ab708d724abbe76e58340d13dc899;2020-11-25T20_15_57.013Z;0;0;13;23
084446117d0ab708d724abbe76e58340d13dc899;2020-11-25T20_56_41.971Z;0;0;13;23
084446117d0ab708d724abbe76e58340d13dc899;2020-11-25T22_22_02.541Z;0;0;13;23
084446117d0ab708d724abbe76e58340d13dc899;2020-11-25T22_56_03.041Z;0;1;13;23
084446117d0ab708d724abbe76e58340d13dc899;2020-11-25T23_44_10.340Z;0;0;0;36
084446117d0ab708d724abbe76e58340d13dc899;2020-11-25T23_47_01.914Z;0;0;0;36
084446117d0ab708d724abbe76e58340d13dc899;2020-11-26T00_11_28.894Z;0;0;7;29
084446117d0ab708d724abbe76e58340d13dc899;2020-11-26T00_47_19.023Z;0;0;6;30
084446117d0ab708d724abbe76e58340d13dc899;2020-11-26T01_03_34.496Z;0;0;0;36
084446117d0ab708d724abbe76e58340d13dc899;2020-11-26T01_34_25.534Z;1;0;0;17
084446117d0ab708d724abbe76e58340d13dc899;2020-11-26T01_58_21.315Z;0;0;0;36
084446117d0ab708d724abbe76e58340d13dc899;2020-11-26T02_27_05.938Z;0;1;4;32
084446117d0ab708d724abbe76e58340d13dc899;2020-11-26T03_06_03.025Z;0;0;0;36
084446117d0ab708d724abbe76e58340d13dc899;2020-11-26T03_29_28.863Z;0;0;0;36
0b2b215d3895dc070ff308ca5d5733bb0abda40f;2020-11-13T18_42_45.822Z;0;0;0;36
0b2b215d3895dc070ff308ca5d5733bb0abda40f;2020-11-13T18_42_52.502Z;0;0;0;36
0b2b215d3895dc070ff308ca5d5733bb0abda40f;2020-11-13T18_42_56.223Z;0;0;0;36
0b2b215d3895dc070ff308ca5d5733bb0abda40f;2020-11-18T18_07_34.131Z;1;0;0;0
0b2b215d3895dc070ff308ca5d5733bb0abda40f;2020-11-18T18_15_29.340Z;0;0;0;36
0b2b215d3895dc070ff308ca5d5733bb0abda40f;2020-11-18T18_16_53.106Z;0;0;0;36
0b2b215d3895dc070ff308ca5d5733bb0abda40f;2020-11-18T18_28_16.262Z;2;0;0;0
0b2b215d3895dc070ff308ca5d5733bb0abda40f;2020-11-18T19_14_27.313Z;2;0;0;0
0b2b215d3895dc070ff308ca5d5733bb0abda40f;2020-11-18T19_47_03.281Z;2;0;0;0
0b2b215d3895dc070ff308ca5d5733bb0abda40f;2020-11-18T21_15_41.230Z;2;0;0;0
0b2b215d3895dc070ff308ca5d5733bb0abda40f;2020-11-18T21_48_45.943Z;2;0;0;0
0b2b215d3895dc070ff308ca5d5733bb0abda40f;2020-11-18T21_58_57.413Z;2;0;0;0
0b2b215d3895dc070ff308ca5d5733bb0abda40f;2020-11-18T22_20_08.961Z;2;0;0;0
0b2b215d3895dc070ff308ca5d5733bb0abda40f;2020-11-18T22_46_21.816Z;2;0;0;0
0b2b215d3895dc070ff308ca5d5733bb0abda40f;2020-11-18T23_26_15.764Z;0;0;0;36
0b2b215d3895dc070ff308ca5d5733bb0abda40f;2020-11-18T23_26_19.207Z;0;0;0;36
0b2b215d3895dc070ff308ca5d5733bb0abda40f;2020-11-18T23_26_21.779Z;0;0;0;36
0b2b215d3895dc070ff308ca5d5733bb0abda40f;2020-11-18T23_40_18.002Z;0;7;11;25
0b2b215d3895dc070ff308ca5d5733bb0abda40f;2020-11-19T00_14_07.839Z;2;0;0;0
0b2b215d3895dc070ff308ca5d5733bb0abda40f;2020-11-19T03_30_23.442Z;2;0;0;0
0b2b215d3895dc070ff308ca5d5733bb0abda40f;2020-11-19T04_35_47.401Z;0;7;11;25
0b2b215d3895dc070ff308ca5d5733bb0abda40f;2020-11-19T04_50_13.935Z;0;7;11;25
0b2b215d3895dc070ff308ca5d5733bb0abda40f;2020-11-19T20_37_01.702Z;0;0;0;36
0b2b215d3895dc070ff308ca5d5733bb0abda40f;2020-11-19T20_37_01.710Z;0;0;0;36
0b2b215d3895dc070ff308ca5d5733bb0abda40f;2020-11-19T20_37_01.717Z;0;0;0;36
0b2b215d3895dc070ff308ca5d5733bb0abda40f;2020-11-19T20_59_40.663Z;0;0;0;36
0b2b215d3895dc070ff308ca5d5733bb0abda40f;2020-11-19T20_59_40.678Z;0;0;0;36
0b2b215d3895dc070ff308ca5d5733bb0abda40f;2020-11-19T20_59_40.685Z;0;0;0;36
0b2b215d3895dc070ff308ca5d5733bb0abda40f;2020-11-19T21_37_00.652Z;0;0;0;36
0b2b215d3895dc070ff308ca5d5733bb0abda40f;2020-11-19T21_40_08.185Z;0;0;0;13
0b2b215d3895dc070ff308ca5d5733bb0abda40f;2020-11-19T21_54_21.602Z;0;0;0;36
0b2b215d3895dc070ff308ca5d5733bb0abda40f;2020-11-19T22_00_41.127Z;1;0;0;17
0b2b215d3895dc070ff308ca5d5733bb0abda40f;2020-11-19T22_28_52.592Z;0;0;0;36
0b2b215d3895dc070ff308ca5d5733bb0abda40f;2020-11-19T22_53_34.123Z;0;0;0;17
0b2b215d3895dc070ff308ca5d5733bb0abda40f;2020-11-20T00_09_33.297Z;0;0;0;17
0b2b215d3895dc070ff308ca5d5733bb0abda40f;2020-11-20T00_30_57.386Z;1;0;0;17
0b2b215d3895dc070ff308ca5d5733bb0abda40f;2020-11-20T01_25_08.507Z;1;0;0;17
0b2b215d3895dc070ff308ca5d5733bb0abda40f;2020-11-20T01_40_47.943Z;0;0;0;36
0b2b215d3895dc070ff308ca5d5733bb0abda40f;2020-11-20T02_37_23.407Z;1;0;0;17
0b2b215d3895dc070ff308ca5d5733bb0abda40f;2020-11-20T03_12_14.555Z;1;0;0;17
0b2b215d3895dc070ff308ca5d5733bb0abda40f;2020-11-20T03_31_41.925Z;1;0;0;17
0b2b215d3895dc070ff308ca5d5733bb0abda40f;2020-11-20T04_06_01.504Z;1;0;0;17
0b2b215d3895dc070ff308ca5d5733bb0abda40f;2020-11-20T04_27_17.348Z;0;1;3;18
0b2b215d3895dc070ff308ca5d5733bb0abda40f;2020-11-20T04_49_01.590Z;0;0;0;36
0b2b215d3895dc070ff308ca5d5733bb0abda40f;2020-11-20T04_53_28.524Z;0;1;3;18
0b2b215d3895dc070ff308ca5d5733bb0abda40f;2020-11-20T05_09_34.256Z;1;0;0;17
0b2b215d3895dc070ff308ca5d5733bb0abda40f;2020-11-20T06_33_18.456Z;0;0;0;36
0b2b215d3895dc070ff308ca5d5733bb0abda40f;2020-11-20T06_44_27.728Z;0;1;1;20
0b2b215d3895dc070ff308ca5d5733bb0abda40f;2020-11-20T20_13_05.260Z;0;1;3;23
0b2b215d3895dc070ff308ca5d5733bb0abda40f;2020-11-20T21_07_05.471Z;0;1;2;24
0b2b215d3895dc070ff308ca5d5733bb0abda40f;2020-11-20T21_19_10.716Z;0;1;2;24
0b2b215d3895dc070ff308ca5d5733bb0abda40f;2020-11-20T21_39_44.832Z;0;1;2;24
0b2b215d3895dc070ff308ca5d5733bb0abda40f;2020-11-20T22_02_07.747Z;0;1;2;24
0b2b215d3895dc070ff308ca5d5733bb0abda40f;2020-11-23T03_16_19.981Z;0;1;2;24
0b2b215d3895dc070ff308ca5d5733bb0abda40f;2020-11-23T03_53_12.244Z;0;1;2;24
0b2b215d3895dc070ff308ca5d5733bb0abda40f;2020-11-23T04_34_46.432Z;1;0;0;17
0b2b215d3895dc070ff308ca5d5733bb0abda40f;2020-11-23T05_06_02.927Z;0;0;6;30
0b2b215d3895dc070ff308ca5d5733bb0abda40f;2020-11-23T05_41_59.668Z;0;0;4;32
0b2b215d3895dc070ff308ca5d5733bb0abda40f;2020-11-23T17_58_00.560Z;0;0;4;32
0b2b215d3895dc070ff308ca5d5733bb0abda40f;2020-11-23T18_18_41.439Z;0;0;4;32
0b2b215d3895dc070ff308ca5d5733bb0abda40f;2020-11-23T19_05_17.816Z;0;0;4;32
0b2b215d3895dc070ff308ca5d5733bb0abda40f;2020-11-23T21_02_26.195Z;0;0;4;32
0b2b215d3895dc070ff308ca5d5733bb0abda40f;2020-11-24T19_19_22.995Z;0;0;0;36
0b2b215d3895dc070ff308ca5d5733bb0abda40f;2020-11-24T19_33_28.828Z;0;0;0;36
0b2b215d3895dc070ff308ca5d5733bb0abda40f;2020-11-24T19_33_28.835Z;0;0;0;36
0b2b215d3895dc070ff308ca5d5733bb0abda40f;2020-11-24T19_33_28.842Z;0;0;0;36
0b2b215d3895dc070ff308ca5d5733bb0abda40f;2020-11-24T19_42_31.804Z;0;0;0;36
0b2b215d3895dc070ff308ca5d5733bb0abda40f;2020-11-24T19_42_44.750Z;0;0;0;36
0b2b215d3895dc070ff308ca5d5733bb0abda40f;2020-11-24T20_41_42.317Z;0;0;0;36
0b2b215d3895dc070ff308ca5d5733bb0abda40f;2020-11-24T20_41_49.584Z;0;0;0;36
0c2eedb86a7888c7defd056d073fc040a338eec3;2020-11-26T11_10_22.488Z;0;0;0;36
0c2eedb86a7888c7defd056d073fc040a338eec3;2020-11-26T11_11_25.053Z;1;0;0;0
0c2eedb86a7888c7defd056d073fc040a338eec3;2020-11-26T11_11_46.600Z;0;0;0;13
0c2eedb86a7888c7defd056d073fc040a338eec3;2020-11-26T11_18_19.465Z;0;0;0;13
0c2eedb86a7888c7defd056d073fc040a338eec3;2020-11-26T11_18_25.588Z;1;0;0;0
0c2eedb86a7888c7defd056d073fc040a338eec3;2020-11-26T13_42_40.712Z;0;0;0;13
0c2eedb86a7888c7defd056d073fc040a338eec3;2020-11-26T13_42_43.826Z;1;0;0;0
0c2eedb86a7888c7defd056d073fc040a338eec3;2020-11-26T15_26_12.353Z;0;0;0;36
0c2eedb86a7888c7defd056d073fc040a338eec3;2020-11-26T15_26_38.976Z;0;0;0;17
0c2eedb86a7888c7defd056d073fc040a338eec3;2020-11-26T15_41_23.893Z;0;15;15;21
0c2eedb86a7888c7defd056d073fc040a338eec3;2020-11-26T15_45_25.629Z;0;15;15;21
0c2eedb86a7888c7defd056d073fc040a338eec3;2020-11-26T15_45_33.640Z;2;0;0;0
0c2eedb86a7888c7defd056d073fc040a338eec3;2020-11-26T15_45_56.364Z;2;0;0;0
0c2eedb86a7888c7defd056d073fc040a338eec3;2020-11-26T15_47_32.709Z;0;15;15;21
0c2eedb86a7888c7defd056d073fc040a338eec3;2020-11-26T17_04_03.803Z;1;0;0;17
0c2eedb86a7888c7defd056d073fc040a338eec3;2020-11-26T18_19_38.815Z;1;0;0;17
0c2eedb86a7888c7defd056d073fc040a338eec3;2020-11-26T19_56_30.724Z;0;15;15;21
0c2eedb86a7888c7defd056d073fc040a338eec3;2020-11-26T20_06_31.417Z;0;15;15;21
0c2eedb86a7888c7defd056d073fc040a338eec3;2020-11-26T20_15_30.295Z;0;1;5;31
0c2eedb86a7888c7defd056d073fc040a338eec3;2020-11-27T02_29_01.078Z;0;1;5;31
0c2eedb86a7888c7defd056d073fc040a338eec3;2020-11-27T02_42_04.630Z;0;4;4;32
0c2eedb86a7888c7defd056d073fc040a338eec3;2020-11-27T03_17_48.968Z;0;4;4;32
0c2eedb86a7888c7defd056d073fc040a338eec3;2020-11-27T03_18_52.791Z;0;1;4;32
0c51503c95c50eeaf97615b29561f75e0d6d60c3;2020-11-23T22_11_46.720Z;1;0;0;0
0c51503c95c50eeaf97615b29561f75e0d6d60c3;2020-11-23T22_12_09.055Z;0;0;0;13
0c51503c95c50eeaf97615b29561f75e0d6d60c3;2020-11-23T22_26_57.386Z;1;0;0;17
0c51503c95c50eeaf97615b29561f75e0d6d60c3;2020-11-23T22_27_21.949Z;0;0;15;21
0c51503c95c50eeaf97615b29561f75e0d6d60c3;2020-11-24T20_06_23.044Z;2;0;0;0
0c51503c95c50eeaf97615b29561f75e0d6d60c3;2020-11-24T20_26_06.364Z;2;0;0;0
0c51503c95c50eeaf97615b29561f75e0d6d60c3;2020-11-24T21_01_44.204Z;0;0;0;36
0c51503c95c50eeaf97615b29561f75e0d6d60c3;2020-11-24T21_01_55.960Z;0;0;0;36
0c51503c95c50eeaf97615b29561f75e0d6d60c3;2020-11-24T21_18_52.823Z;2;0;0;0
0c51503c95c50eeaf97615b29561f75e0d6d60c3;2020-11-24T22_32_15.745Z;0;0;13;23
0c51503c95c50eeaf97615b29561f75e0d6d60c3;2020-11-24T23_12_18.109Z;2;0;0;0
0c51503c95c50eeaf97615b29561f75e0d6d60c3;2020-11-24T23_41_27.836Z;0;2;8;28
0c51503c95c50eeaf97615b29561f75e0d6d60c3;2020-11-25T00_26_39.014Z;0;2;6;30
0c51503c95c50eeaf97615b29561f75e0d6d60c3;2020-11-25T00_36_40.851Z;1;0;0;17
0c51503c95c50eeaf97615b29561f75e0d6d60c3;2020-11-25T01_46_00.163Z;0;1;11;25
0c51503c95c50eeaf97615b29561f75e0d6d60c3;2020-11-25T04_09_04.117Z;0;2;4;32
0c51503c95c50eeaf97615b29561f75e0d6d60c3;2020-11-25T04_13_39.933Z;0;1;1;35
0c51503c95c50eeaf97615b29561f75e0d6d60c3;2020-11-25T14_48_20.080Z;0;0;2;34
0c51503c95c50eeaf97615b29561f75e0d6d60c3;2020-11-25T14_48_46.591Z;0;1;1;35
0c51503c95c50eeaf97615b29561f75e0d6d60c3;2020-11-25T16_13_52.117Z;0;0;0;36
0c51503c95c50eeaf97615b29561f75e0d6d60c3;2020-11-25T16_27_13.367Z;0;0;0;36
0c51503c95c50eeaf97615b29561f75e0d6d60c3;2020-11-25T20_40_07.686Z;0;0;0;36
0c51503c95c50eeaf97615b29561f75e0d6d60c3;2020-11-25T21_45_22.379Z;0;0;0;36
0c51503c95c50eeaf97615b29561f75e0d6d60c3;2020-11-25T21_54_20.921Z;0;0;0;36
0c51503c95c50eeaf97615b29561f75e0d6d60c3;2020-11-25T22_07_19.540Z;0;0;0;36
0c51503c95c50eeaf97615b29561f75e0d6d60c3;2020-11-25T22_40_03.207Z;0;0;0;36
0c51503c95c50eeaf97615b29561f75e0d6d60c3;2020-11-25T23_12_57.379Z;0;0;0;36
0ca06f2f6d203a8c20ee3d33c95ce3a1c9550356;2020-11-23T01_53_36.004Z;1;0;0;0
0ca06f2f6d203a8c20ee3d33c95ce3a1c9550356;2020-11-23T01_53_59.084Z;2;0;0;0
0ca06f2f6d203a8c20ee3d33c95ce3a1c9550356;2020-11-23T03_58_20.995Z;0;0;0;36
0ca06f2f6d203a8c20ee3d33c95ce3a1c9550356;2020-11-23T04_00_18.812Z;0;0;0;13
0ca06f2f6d203a8c20ee3d33c95ce3a1c9550356;2020-11-23T04_00_53.205Z;0;0;0;17
0ca06f2f6d203a8c20ee3d33c95ce3a1c9550356;2020-11-23T04_03_22.755Z;0;0;0;36
0ca06f2f6d203a8c20ee3d33c95ce3a1c9550356;2020-11-23T04_03_35.058Z;0;0;0;36
0ca06f2f6d203a8c20ee3d33c95ce3a1c9550356;2020-11-23T04_03_44.945Z;0;0;0;36
0ca06f2f6d203a8c20ee3d33c95ce3a1c9550356;2020-11-23T04_43_58.875Z;0;2;14;22
0ca06f2f6d203a8c20ee3d33c95ce3a1c9550356;2020-11-23T05_10_31.587Z;0;0;0;36
0ca06f2f6d203a8c20ee3d33c95ce3a1c9550356;2020-11-23T05_12_50.823Z;0;0;0;36
0ca06f2f6d203a8c20ee3d33c95ce3a1c9550356;2020-11-23T06_11_38.625Z;0;3;3;18
0ca06f2f6d203a8c20ee3d33c95ce3a1c9550356;2020-11-23T07_30_23.957Z;0;0;1;25
0ca06f2f6d203a8c20ee3d33c95ce3a1c9550356;2020-11-23T15_38_55.470Z;0;0;1;25
0ca06f2f6d203a8c20ee3d33c95ce3a1c9550356;2020-11-23T16_44_31.847Z;0;0;1;25
0ca06f2f6d203a8c20ee3d33c95ce3a1c9550356;2020-11-24T04_56_34.181Z;0;2;14;22
0ca06f2f6d203a8c20ee3d33c95ce3a1c9550356;2020-11-24T05_41_19.695Z;0;0;2;34
0ca06f2f6d203a8c20ee3d33c95ce3a1c9550356;2020-11-24T06_02_59.998Z;0;0;0;36
0ca06f2f6d203a8c20ee3d33c95ce3a1c9550356;2020-11-24T06_08_19.984Z;0;0;0;36
0ca06f2f6d203a8c20ee3d33c95ce3a1c9550356;2020-11-24T06_08_19.993Z;0;0;0;36
0ca06f2f6d203a8c20ee3d33c95ce3a1c9550356;2020-11-24T06_17_05.054Z;0;1;1;35
0ca06f2f6d203a8c20ee3d33c95ce3a1c9550356;2020-11-24T06_35_32.333Z;0;1;1;35
0ca06f2f6d203a8c20ee3d33c95ce3a1c9550356;2020-11-24T07_59_23.106Z;0;0;1;35
0ca06f2f6d203a8c20ee3d33c95ce3a1c9550356;2020-11-24T16_14_29.799Z;0;0;0;36
0ca06f2f6d203a8c20ee3d33c95ce3a1c9550356;2020-11-24T16_22_06.722Z;0;0;0;36
0cec4107a713477189bb82d9d34b81190cb1201b;2020-11-24T22_15_56.330Z;1;0;0;0
0cec4107a713477189bb82d9d34b81190cb1201b;2020-11-24T22_16_15.855Z;0;0;0;13
0cec4107a713477189bb82d9d34b81190cb1201b;2020-11-24T22_27_30.331Z;0;0;15;21
0cec4107a713477189bb82d9d34b81190cb1201b;2020-11-24T22_28_38.333Z;0;0;14;22
0cec4107a713477189bb82d9d34b81190cb1201b;2020-11-25T09_20_53.380Z;0;13;15;21
0cec4107a713477189bb82d9d34b81190cb1201b;2020-11-25T10_10_53.658Z;0;2;9;27
0cec4107a713477189bb82d9d34b81190cb1201b;2020-11-25T10_23_09.099Z;1;0;0;17
0cec4107a713477189bb82d9d34b81190cb1201b;2020-11-25T11_05_32.158Z;1;0;0;17
0cec4107a713477189bb82d9d34b81190cb1201b;2020-11-25T20_08_43.376Z;0;0;14;22
0cec4107a713477189bb82d9d34b81190cb1201b;2020-11-25T20_27_34.498Z;0;2;5;31
0cec4107a713477189bb82d9d34b81190cb1201b;2020-11-25T21_08_46.705Z;0;0;14;22
0cec4107a713477189bb82d9d34b81190cb1201b;2020-11-25T21_39_19.661Z;0;0;14;22
0cec4107a713477189bb82d9d34b81190cb1201b;2020-11-25T23_55_10.834Z;0;1;11;25
0cec4107a713477189bb82d9d34b81190cb1201b;2020-11-26T00_00_04.813Z;0;2;3;33
0cec4107a713477189bb82d9d34b81190cb1201b;2020-11-26T02_05_24.712Z;0;2;3;33
0cec4107a713477189bb82d9d34b81190cb1201b;2020-11-26T02_07_28.961Z;0;1;11;25
0cec4107a713477189bb82d9d34b81190cb1201b;2020-11-26T03_11_15.913Z;0;1;11;25
0de822bddc1dd72a3230320f51b10b9f7a509869;2020-11-23T20_34_09.731Z;1;0;0;0
0de822bddc1dd72a3230320f51b10b9f7a509869;2020-11-23T20_34_21.135Z;0;0;0;13
0de822bddc1dd72a3230320f51b10b9f7a509869;2020-11-23T20_49_18.717Z;1;0;0;17
0de822bddc1dd72a3230320f51b10b9f7a509869;2020-11-23T21_08_37.614Z;0;0;13;23
0de822bddc1dd72a3230320f51b10b9f7a509869;2020-11-23T21_23_15.011Z;0;0;13;23
0de822bddc1dd72a3230320f51b10b9f7a509869;2020-11-23T22_26_18.844Z;0;21;21;15
0de822bddc1dd72a3230320f51b10b9f7a509869;2020-11-23T23_44_57.150Z;0;1;4;32
0de822bddc1dd72a3230320f51b10b9f7a509869;2020-11-23T23_50_59.294Z;1;0;0;17
0de822bddc1dd72a3230320f51b10b9f7a509869;2020-11-24T00_16_45.463Z;0;1;4;32
0de822bddc1dd72a3230320f51b10b9f7a509869;2020-11-24T00_32_24.233Z;0;0;13;23
0de822bddc1dd72a3230320f51b10b9f7a509869;2020-11-24T01_06_17.530Z;1;0;0;17
0de822bddc1dd72a3230320f51b10b9f7a509869;2020-11-24T01_46_47.413Z;0;0;13;23
0de822bddc1dd72a3230320f51b10b9f7a509869;2020-11-24T21_58_33.303Z;0;1;4;32
0de822bddc1dd72a3230320f51b10b9f7a509869;2020-11-24T21_58_57.245Z;0;2;8;28
0de822bddc1dd72a3230320f51b10b9f7a509869;2020-11-24T23_55_31.386Z;0;1;4;32
0de822bddc1dd72a3230320f51b10b9f7a509869;2020-11-24T23_56_32.497Z;0;12;13;23
0de822bddc1dd72a3230320f51b10b9f7a509869;2020-11-26T20_40_40.025Z;0;1;1;35
0de822bddc1dd72a3230320f51b10b9f7a509869;2020-11-26T20_51_02.113Z;0;1;1;35
0de822bddc1dd72a3230320f51b10b9f7a509869;2020-11-26T21_10_34.275Z;0;7;7;29
0de822bddc1dd72a3230320f51b10b9f7a509869;2020-11-26T21_31_14.561Z;0;7;7;29
0de822bddc1dd72a3230320f51b10b9f7a509869;2020-11-26T23_45_25.378Z;0;1;1;35
0de822bddc1dd72a3230320f51b10b9f7a509869;2020-11-26T23_52_45.370Z;0;6;6;30
0e5e2419246434693bfda4a7c0c42bf8f6a75339;2020-11-15T17_56_47.972Z;1;0;0;0
0e5e2419246434693bfda4a7c0c42bf8f6a75339;2020-11-15T17_57_40.328Z;0;0;0;13
0e5e2419246434693bfda4a7c0c42bf8f6a75339;2020-11-15T17_57_51.599Z;1;0;0;17
0e5e2419246434693bfda4a7c0c42bf8f6a75339;2020-11-15T17_58_04.261Z;0;0;0;36
0e5e2419246434693bfda4a7c0c42bf8f6a75339;2020-11-15T17_58_15.854Z;0;0;0;36
0e5e2419246434693bfda4a7c0c42bf8f6a75339;2020-11-15T18_09_09.739Z;0;0;0;17
0e5e2419246434693bfda4a7c0c42bf8f6a75339;2020-11-15T18_32_51.487Z;0;0;0;36
0e5e2419246434693bfda4a7c0c42bf8f6a75339;2020-11-15T18_32_55.529Z;0;0;0;13
0e5e2419246434693bfda4a7c0c42bf8f6a75339;2020-11-15T18_32_58.085Z;0;0;0;36
0e5e2419246434693bfda4a7c0c42bf8f6a75339;2020-11-15T18_45_23.678Z;0;12;13;23
0e5e2419246434693bfda4a7c0c42bf8f6a75339;2020-11-15T19_07_00.685Z;0;5;7;29
0e5e2419246434693bfda4a7c0c42bf8f6a75339;2020-11-15T19_12_47.965Z;1;0;0;17
0e5e2419246434693bfda4a7c0c42bf8f6a75339;2020-11-15T19_51_17.520Z;0;0;0;17
0e5e2419246434693bfda4a7c0c42bf8f6a75339;2020-11-15T20_30_38.681Z;0;1;2;34
0e5e2419246434693bfda4a7c0c42bf8f6a75339;2020-11-15T20_48_07.710Z;0;0;0;17
0e5e2419246434693bfda4a7c0c42bf8f6a75339;2020-11-15T21_20_28.902Z;1;0;0;17
0e5e2419246434693bfda4a7c0c42bf8f6a75339;2020-11-18T19_41_45.717Z;0;8;9;27
0e5e2419246434693bfda4a7c0c42bf8f6a75339;2020-11-18T19_43_35.135Z;0;0;0;36
0e5e2419246434693bfda4a7c0c42bf8f6a75339;2020-11-18T19_55_24.708Z;0;1;1;35
0e5e2419246434693bfda4a7c0c42bf8f6a75339;2020-11-18T20_09_17.457Z;0;6;8;28
0e5e2419246434693bfda4a7c0c42bf8f6a75339;2020-11-18T20_15_26.723Z;0;0;0;36
0e5e2419246434693bfda4a7c0c42bf8f6a75339;2020-11-18T20_36_45.358Z;0;0;1;35
0e5e2419246434693bfda4a7c0c42bf8f6a75339;2020-11-18T21_25_19.432Z;0;0;0;36
0e5e2419246434693bfda4a7c0c42bf8f6a75339;2020-11-20T20_33_58.566Z;0;0;0;36
0e5e2419246434693bfda4a7c0c42bf8f6a75339;2020-11-20T20_43_30.605Z;0;0;0;36
0e874cd0ec2bac9c0fde37da1d71d9f9c0456023;2020-11-20T03_51_08.767Z;0;0;0;36
0e874cd0ec2bac9c0fde37da1d71d9f9c0456023;2020-11-20T03_51_14.576Z;0;0;0;36
0e874cd0ec2bac9c0fde37da1d71d9f9c0456023;2020-11-20T03_51_15.628Z;0;0;0;36
0e874cd0ec2bac9c0fde37da1d71d9f9c0456023;2020-11-20T03_51_33.988Z;1;0;0;0
0e874cd0ec2bac9c0fde37da1d71d9f9c0456023;2020-11-20T04_06_19.738Z;2;0;0;0
0e874cd0ec2bac9c0fde37da1d71d9f9c0456023;2020-11-20T04_20_48.656Z;2;0;0;0
0e874cd0ec2bac9c0fde37da1d71d9f9c0456023;2020-11-22T19_28_07.059Z;2;0;0;0
0e874cd0ec2bac9c0fde37da1d71d9f9c0456023;2020-11-22T19_58_29.916Z;2;0;0;0
0e874cd0ec2bac9c0fde37da1d71d9f9c0456023;2020-11-22T20_42_36.068Z;2;0;0;0
0e874cd0ec2bac9c0fde37da1d71d9f9c0456023;2020-11-22T21_09_37.932Z;2;0;0;0
0e874cd0ec2bac9c0fde37da1d71d9f9c0456023;2020-11-22T21_51_45.551Z;0;0;0;13
0e874cd0ec2bac9c0fde37da1d71d9f9c0456023;2020-11-22T21_51_56.899Z;0;0;0;13
0e874cd0ec2bac9c0fde37da1d71d9f9c0456023;2020-11-22T22_50_45.136Z;1;0;0;17
0e874cd0ec2bac9c0fde37da1d71d9f9c0456023;2020-11-22T23_11_17.176Z;2;0;0;0
0e874cd0ec2bac9c0fde37da1d71d9f9c0456023;2020-11-24T22_42_47.474Z;2;0;0;0
0e874cd0ec2bac9c0fde37da1d71d9f9c0456023;2020-11-24T23_03_16.750Z;2;0;0;0
0e874cd0ec2bac9c0fde37da1d71d9f9c0456023;2020-11-24T23_19_48.334Z;2;0;0;0
0e874cd0ec2bac9c0fde37da1d71d9f9c0456023;2020-11-25T00_00_32.194Z;2;0;0;0
0e874cd0ec2bac9c0fde37da1d71d9f9c0456023;2020-11-25T00_28_21.052Z;0;0;0;36
0e874cd0ec2bac9c0fde37da1d71d9f9c0456023;2020-11-25T00_28_24.834Z;0;0;0;36
0e874cd0ec2bac9c0fde37da1d71d9f9c0456023;2020-11-25T00_28_34.606Z;0;0;0;36
0e874cd0ec2bac9c0fde37da1d71d9f9c0456023;2020-11-25T00_36_20.244Z;0;0;13;23
0e874cd0ec2bac9c0fde37da1d71d9f9c0456023;2020-11-25T00_58_59.754Z;0;7;8;28
0e874cd0ec2bac9c0fde37da1d71d9f9c0456023;2020-11-25T01_43_21.024Z;0;7;8;28
0e874cd0ec2bac9c0fde37da1d71d9f9c0456023;2020-11-25T02_37_04.151Z;0;7;8;28
0e874cd0ec2bac9c0fde37da1d71d9f9c0456023;2020-11-25T03_26_58.792Z;0;3;8;28
0e874cd0ec2bac9c0fde37da1d71d9f9c0456023;2020-11-25T03_34_25.404Z;0;0;13;23
0e874cd0ec2bac9c0fde37da1d71d9f9c0456023;2020-11-25T06_13_52.399Z;1;0;0;17
0e874cd0ec2bac9c0fde37da1d71d9f9c0456023;2020-11-25T16_14_45.081Z;0;1;11;23
0e874cd0ec2bac9c0fde37da1d71d9f9c0456023;2020-11-25T16_48_08.358Z;0;1;14;22
0e874cd0ec2bac9c0fde37da1d71d9f9c0456023;2020-11-26T00_24_15.926Z;1;0;0;17
0e874cd0ec2bac9c0fde37da1d71d9f9c0456023;2020-11-26T01_16_36.639Z;0;4;13;23
0e874cd0ec2bac9c0fde37da1d71d9f9c0456023;2020-11-26T02_59_44.038Z;0;4;13;23
0e874cd0ec2bac9c0fde37da1d71d9f9c0456023;2020-11-26T16_40_01.530Z;0;5;11;25
0e874cd0ec2bac9c0fde37da1d71d9f9c0456023;2020-11-26T17_06_53.087Z;0;4;11;25
0e874cd0ec2bac9c0fde37da1d71d9f9c0456023;2020-11-26T17_36_41.905Z;0;3;8;28
0e874cd0ec2bac9c0fde37da1d71d9f9c0456023;2020-11-26T18_06_51.540Z;0;4;12;24
0e874cd0ec2bac9c0fde37da1d71d9f9c0456023;2020-11-26T18_12_31.460Z;0;2;2;34
0e874cd0ec2bac9c0fde37da1d71d9f9c0456023;2020-11-26T18_38_54.897Z;1;0;0;17
0e874cd0ec2bac9c0fde37da1d71d9f9c0456023;2020-11-26T18_57_13.361Z;0;2;2;34
0e874cd0ec2bac9c0fde37da1d71d9f9c0456023;2020-11-26T19_07_36.872Z;1;0;0;17
0e874cd0ec2bac9c0fde37da1d71d9f9c0456023;2020-11-26T19_37_54.805Z;0;6;12;24
0e874cd0ec2bac9c0fde37da1d71d9f9c0456023;2020-11-26T20_23_27.564Z;0;4;7;29
0e874cd0ec2bac9c0fde37da1d71d9f9c0456023;2020-11-26T22_03_40.951Z;1;0;0;17
0e874cd0ec2bac9c0fde37da1d71d9f9c0456023;2020-11-26T23_03_21.404Z;0;4;4;32
0e874cd0ec2bac9c0fde37da1d71d9f9c0456023;2020-11-26T23_16_00.916Z;0;2;2;34
0e874cd0ec2bac9c0fde37da1d71d9f9c0456023;2020-11-26T23_53_19.519Z;0;2;2;34
0e874cd0ec2bac9c0fde37da1d71d9f9c0456023;2020-11-27T00_00_36.221Z;0;4;4;32
0ebaaad003868565710d1724cb582f41ed3aa598;2020-11-18T21_25_01.045Z;1;0;0;0
0ebaaad003868565710d1724cb582f41ed3aa598;2020-11-18T21_27_47.249Z;2;0;0;0
0ebaaad003868565710d1724cb582f41ed3aa598;2020-11-18T22_50_25.123Z;2;0;0;0
0ebaaad003868565710d1724cb582f41ed3aa598;2020-11-20T23_00_40.212Z;0;0;0;13
0ebaaad003868565710d1724cb582f41ed3aa598;2020-11-20T23_02_42.392Z;0;0;14;22
0ebaaad003868565710d1724cb582f41ed3aa598;2020-11-20T23_32_56.873Z;0;3;4;32
0ebaaad003868565710d1724cb582f41ed3aa598;2020-11-20T23_35_56.257Z;1;0;0;17
0ebaaad003868565710d1724cb582f41ed3aa598;2020-11-21T01_11_36.814Z;0;0;14;22
0ebaaad003868565710d1724cb582f41ed3aa598;2020-11-21T01_38_38.609Z;0;0;14;22
0ebaaad003868565710d1724cb582f41ed3aa598;2020-11-21T02_26_40.214Z;0;3;4;32
0ebaaad003868565710d1724cb582f41ed3aa598;2020-11-21T02_34_38.109Z;0;0;14;22
0ebaaad003868565710d1724cb582f41ed3aa598;2020-11-21T06_16_39.083Z;0;3;4;32
0ebaaad003868565710d1724cb582f41ed3aa598;2020-11-21T06_42_08.150Z;0;3;4;32
0ebaaad003868565710d1724cb582f41ed3aa598;2020-11-21T06_47_00.181Z;0;1;6;30
0ebaaad003868565710d1724cb582f41ed3aa598;2020-11-23T00_51_15.089Z;0;2;3;33
0ebaaad003868565710d1724cb582f41ed3aa598;2020-11-23T00_52_07.555Z;1;0;0;17
0ebaaad003868565710d1724cb582f41ed3aa598;2020-11-23T01_06_43.213Z;1;0;0;17
0ebaaad003868565710d1724cb582f41ed3aa598;2020-11-23T01_24_46.597Z;0;1;2;34
0ebaaad003868565710d1724cb582f41ed3aa598;2020-11-23T01_44_37.140Z;0;0;0;36
0ebaaad003868565710d1724cb582f41ed3aa598;2020-11-23T01_53_08.770Z;0;1;1;35
0ebaaad003868565710d1724cb582f41ed3aa598;2020-11-23T02_13_47.193Z;0;0;0;36
0ebaaad003868565710d1724cb582f41ed3aa598;2020-11-23T03_05_16.159Z;0;0;0;36
0ebaaad003868565710d1724cb582f41ed3aa598;2020-11-23T03_05_55.076Z;0;0;0;36
0ebaaad003868565710d1724cb582f41ed3aa598;2020-11-23T03_08_00.879Z;0;0;0;36
0ebaaad003868565710d1724cb582f41ed3aa598;2020-11-23T03_08_00.891Z;0;0;0;36
0ebaaad003868565710d1724cb582f41ed3aa598;2020-11-23T03_24_03.127Z;0;0;0;36
0ebaaad003868565710d1724cb582f41ed3aa598;2020-11-23T03_28_43.567Z;0;0;0;36
0f88be4b4d0a31605c539532fce08ed600190170;2020-11-15T19_44_44.646Z;0;0;0;36
0f88be4b4d0a31605c539532fce08ed600190170;2020-11-15T19_45_04.176Z;0;0;0;36
0f88be4b4d0a31605c539532fce08ed600190170;2020-11-15T19_51_02.765Z;0;0;0;36
0f88be4b4d0a31605c539532fce08ed600190170;2020-11-15T19_54_42.617Z;0;0;0;36
0f88be4b4d0a31605c539532fce08ed600190170;2020-11-15T19_55_57.445Z;0;0;0;36
0f88be4b4d0a31605c539532fce08ed600190170;2020-11-15T19_57_01.981Z;0;0;0;36
0f88be4b4d0a31605c539532fce08ed600190170;2020-11-15T19_57_05.085Z;0;0;0;36
0f88be4b4d0a31605c539532fce08ed600190170;2020-11-15T19_58_02.715Z;0;0;0;36
0f88be4b4d0a31605c539532fce08ed600190170;2020-11-15T20_08_57.654Z;0;0;0;36
0f88be4b4d0a31605c539532fce08ed600190170;2020-11-15T20_14_36.051Z;0;0;0;36
0f88be4b4d0a31605c539532fce08ed600190170;2020-11-15T20_14_57.876Z;2;0;0;0
0f88be4b4d0a31605c539532fce08ed600190170;2020-11-15T20_15_11.495Z;0;0;0;36
0f88be4b4d0a31605c539532fce08ed600190170;2020-11-15T20_29_14.827Z;0;0;0;36
0f88be4b4d0a31605c539532fce08ed600190170;2020-11-15T20_48_34.640Z;2;0;0;0
0f88be4b4d0a31605c539532fce08ed600190170;2020-11-17T14_29_42.881Z;0;0;0;36
0f88be4b4d0a31605c539532fce08ed600190170;2020-11-17T14_48_17.658Z;0;0;0;36
0f88be4b4d0a31605c539532fce08ed600190170;2020-11-17T15_05_49.940Z;0;2;4;32
0f88be4b4d0a31605c539532fce08ed600190170;2020-11-17T23_10_55.620Z;0;0;0;36
0f88be4b4d0a31605c539532fce08ed600190170;2020-11-17T23_29_57.311Z;0;0;0;36
0f88be4b4d0a31605c539532fce08ed600190170;2020-11-17T23_45_24.393Z;0;0;0;36
0f88be4b4d0a31605c539532fce08ed600190170;2020-11-17T23_48_07.853Z;0;0;0;13
0f88be4b4d0a31605c539532fce08ed600190170;2020-11-17T23_59_39.525Z;0;0;0;36
0f88be4b4d0a31605c539532fce08ed600190170;2020-11-18T00_22_31.820Z;2;0;0;0
0f88be4b4d0a31605c539532fce08ed600190170;2020-11-19T17_59_42.294Z;0;0;0;36
0f88be4b4d0a31605c539532fce08ed600190170;2020-11-19T18_17_49.894Z;0;0;0;36
0f88be4b4d0a31605c539532fce08ed600190170;2020-11-19T18_28_15.744Z;1;0;0;17
0f88be4b4d0a31605c539532fce08ed600190170;2020-11-19T23_28_53.520Z;1;0;0;17
0f88be4b4d0a31605c539532fce08ed600190170;2020-11-20T00_00_44.227Z;0;0;2;19
0f88be4b4d0a31605c539532fce08ed600190170;2020-11-20T13_32_23.276Z;1;0;0;17
0f88be4b4d0a31605c539532fce08ed600190170;2020-11-21T23_12_45.022Z;1;0;0;17
0f88be4b4d0a31605c539532fce08ed600190170;2020-11-21T23_40_28.769Z;0;0;1;25
0f88be4b4d0a31605c539532fce08ed600190170;2020-11-22T00_40_09.028Z;1;0;0;17
0f88be4b4d0a31605c539532fce08ed600190170;2020-11-22T00_54_34.030Z;0;0;0;36
0f88be4b4d0a31605c539532fce08ed600190170;2020-11-22T01_05_01.579Z;0;2;6;30
0f88be4b4d0a31605c539532fce08ed600190170;2020-11-24T00_20_30.275Z;0;4;6;30
0f88be4b4d0a31605c539532fce08ed600190170;2020-11-24T00_36_37.149Z;0;0;0;36
0f88be4b4d0a31605c539532fce08ed600190170;2020-11-24T00_57_47.640Z;0;0;0;36
0f88be4b4d0a31605c539532fce08ed600190170;2020-11-24T00_57_47.654Z;0;0;0;36
0f88be4b4d0a31605c539532fce08ed600190170;2020-11-24T00_57_47.668Z;1;0;0;17
0f88be4b4d0a31605c539532fce08ed600190170;2020-11-24T00_57_47.679Z;0;0;0;36
0f88be4b4d0a31605c539532fce08ed600190170;2020-11-24T00_57_47.694Z;0;0;0;36
0f88be4b4d0a31605c539532fce08ed600190170;2020-11-24T00_57_47.706Z;0;0;0;36
0f88be4b4d0a31605c539532fce08ed600190170;2020-11-24T01_32_57.079Z;0;0;0;36
0f88be4b4d0a31605c539532fce08ed600190170;2020-11-24T01_32_57.091Z;0;0;0;36
0f88be4b4d0a31605c539532fce08ed600190170;2020-11-24T01_32_57.101Z;0;0;0;36
0f88be4b4d0a31605c539532fce08ed600190170;2020-11-24T01_32_57.115Z;0;0;0;36
0f88be4b4d0a31605c539532fce08ed600190170;2020-11-24T01_32_57.135Z;0;0;0;36
0f88be4b4d0a31605c539532fce08ed600190170;2020-11-24T01_40_34.843Z;0;0;0;36
0f88be4b4d0a31605c539532fce08ed600190170;2020-11-25T00_26_42.881Z;2;0;0;0
0f88be4b4d0a31605c539532fce08ed600190170;2020-11-25T00_37_33.690Z;0;0;0;36
0f88be4b4d0a31605c539532fce08ed600190170;2020-11-25T00_47_57.691Z;0;0;0;36
0f88be4b4d0a31605c539532fce08ed600190170;2020-11-25T01_43_45.412Z;0;0;0;36
0f88be4b4d0a31605c539532fce08ed600190170;2020-11-25T02_01_15.723Z;0;0;0;36
0f88be4b4d0a31605c539532fce08ed600190170;2020-11-25T02_10_34.237Z;0;0;0;36
0fc86b6a1afaad8cc203fac7e27c55097c310937;2020-11-21T12_24_17.481Z;1;0;0;0
0fc86b6a1afaad8cc203fac7e27c55097c310937;2020-11-21T12_24_41.819Z;0;0;0;13
0fc86b6a1afaad8cc203fac7e27c55097c310937;2020-11-21T12_25_30.195Z;2;0;0;0
0fc86b6a1afaad8cc203fac7e27c55097c310937;2020-11-21T12_25_40.121Z;1;0;0;17
0fc86b6a1afaad8cc203fac7e27c55097c310937;2020-11-23T07_16_46.279Z;2;0;0;0
0fc86b6a1afaad8cc203fac7e27c55097c310937;2020-11-23T07_37_26.322Z;2;0;0;0
0fc86b6a1afaad8cc203fac7e27c55097c310937;2020-11-23T07_38_28.838Z;0;0;0;13
0fc86b6a1afaad8cc203fac7e27c55097c310937;2020-11-23T10_26_38.304Z;2;0;0;0
0fc86b6a1afaad8cc203fac7e27c55097c310937;2020-11-23T11_28_15.476Z;1;0;0;17
0fc86b6a1afaad8cc203fac7e27c55097c310937;2020-11-23T11_45_04.965Z;1;0;0;17
0fc86b6a1afaad8cc203fac7e27c55097c310937;2020-11-23T17_28_36.245Z;1;0;0;17
0fc86b6a1afaad8cc203fac7e27c55097c310937;2020-11-23T17_39_28.709Z;0;12;12;24
0fc86b6a1afaad8cc203fac7e27c55097c310937;2020-11-23T17_45_25.548Z;1;0;0;17
0fc86b6a1afaad8cc203fac7e27c55097c310937;2020-11-23T17_52_19.672Z;0;12;12;24
0fc86b6a1afaad8cc203fac7e27c55097c310937;2020-11-24T02_54_21.334Z;0;0;4;32
0fc86b6a1afaad8cc203fac7e27c55097c310937;2020-11-24T02_59_14.536Z;0;0;0;36
0fc86b6a1afaad8cc203fac7e27c55097c310937;2020-11-24T03_07_31.909Z;0;3;10;26
0fc86b6a1afaad8cc203fac7e27c55097c310937;2020-11-24T03_23_52.132Z;0;0;0;36
0fc86b6a1afaad8cc203fac7e27c55097c310937;2020-11-24T04_28_12.197Z;0;0;6;30
0fc86b6a1afaad8cc203fac7e27c55097c310937;2020-11-24T06_50_04.306Z;1;0;0;17
0fc86b6a1afaad8cc203fac7e27c55097c310937;2020-11-24T22_03_43.532Z;0;0;0;36
0fc86b6a1afaad8cc203fac7e27c55097c310937;2020-11-24T22_05_15.422Z;0;0;0;36
0fc86b6a1afaad8cc203fac7e27c55097c310937;2020-11-24T22_17_10.554Z;0;0;0;36
0fc86b6a1afaad8cc203fac7e27c55097c310937;2020-11-25T13_14_37.039Z;0;0;0;36
0fc86b6a1afaad8cc203fac7e27c55097c310937;2020-11-25T13_27_43.967Z;0;0;0;36
0fc86b6a1afaad8cc203fac7e27c55097c310937;2020-11-25T13_44_54.107Z;0;0;0;36
0fc86b6a1afaad8cc203fac7e27c55097c310937;2020-11-25T16_54_06.390Z;0;0;0;36
0fc86b6a1afaad8cc203fac7e27c55097c310937;2020-11-26T04_53_10.296Z;0;0;0;36
0fc86b6a1afaad8cc203fac7e27c55097c310937;2020-11-26T04_53_14.753Z;0;0;0;36
107e619e6f2a5a39e729d6ffaa91b43d2be99edf;2020-11-16T18_05_20.813Z;1;0;0;0
107e619e6f2a5a39e729d6ffaa91b43d2be99edf;2020-11-16T18_34_37.805Z;0;0;0;36
107e619e6f2a5a39e729d6ffaa91b43d2be99edf;2020-11-16T18_35_07.819Z;0;0;0;36
107e619e6f2a5a39e729d6ffaa91b43d2be99edf;2020-11-16T18_35_36.843Z;0;0;0;36
107e619e6f2a5a39e729d6ffaa91b43d2be99edf;2020-11-16T18_36_18.163Z;0;0;0;36
107e619e6f2a5a39e729d6ffaa91b43d2be99edf;2020-11-16T18_56_47.068Z;2;0;0;0
107e619e6f2a5a39e729d6ffaa91b43d2be99edf;2020-11-16T20_23_56.835Z;1;0;3;12
107e619e6f2a5a39e729d6ffaa91b43d2be99edf;2020-11-16T20_38_39.021Z;0;0;0;36
107e619e6f2a5a39e729d6ffaa91b43d2be99edf;2020-11-16T20_38_39.031Z;0;0;0;36
107e619e6f2a5a39e729d6ffaa91b43d2be99edf;2020-11-16T22_27_24.346Z;0;0;7;29
107e619e6f2a5a39e729d6ffaa91b43d2be99edf;2020-11-17T12_54_36.362Z;2;0;0;0
107e619e6f2a5a39e729d6ffaa91b43d2be99edf;2020-11-17T12_57_37.418Z;0;0;0;13
107e619e6f2a5a39e729d6ffaa91b43d2be99edf;2020-11-17T13_08_09.282Z;0;0;3;33
107e619e6f2a5a39e729d6ffaa91b43d2be99edf;2020-11-17T13_41_20.060Z;0;0;0;17
107e619e6f2a5a39e729d6ffaa91b43d2be99edf;2020-11-17T17_08_13.192Z;1;0;0;17
107e619e6f2a5a39e729d6ffaa91b43d2be99edf;2020-11-17T19_15_39.973Z;0;0;0;26
107e619e6f2a5a39e729d6ffaa91b43d2be99edf;2020-11-18T18_18_30.628Z;0;0;3;33
107e619e6f2a5a39e729d6ffaa91b43d2be99edf;2020-11-18T18_53_29.759Z;0;1;2;29
107e619e6f2a5a39e729d6ffaa91b43d2be99edf;2020-11-18T20_17_34.884Z;0;0;2;34
107e619e6f2a5a39e729d6ffaa91b43d2be99edf;2020-11-19T17_23_24.637Z;0;0;0;36
107e619e6f2a5a39e729d6ffaa91b43d2be99edf;2020-11-19T17_23_32.460Z;0;0;0;36
107e619e6f2a5a39e729d6ffaa91b43d2be99edf;2020-11-19T17_46_44.277Z;0;0;0;36
107e619e6f2a5a39e729d6ffaa91b43d2be99edf;2020-11-19T17_46_44.284Z;0;0;0;36
107e619e6f2a5a39e729d6ffaa91b43d2be99edf;2020-11-19T17_46_44.302Z;0;0;3;33
107e619e6f2a5a39e729d6ffaa91b43d2be99edf;2020-11-19T18_08_01.177Z;0;0;2;34
107e619e6f2a5a39e729d6ffaa91b43d2be99edf;2020-11-19T18_28_03.392Z;0;0;2;34
107e619e6f2a5a39e729d6ffaa91b43d2be99edf;2020-11-19T18_32_27.569Z;0;0;2;34
107e619e6f2a5a39e729d6ffaa91b43d2be99edf;2020-11-19T18_39_12.404Z;0;0;2;34
107e619e6f2a5a39e729d6ffaa91b43d2be99edf;2020-11-19T20_05_49.899Z;0;0;0;36
107e619e6f2a5a39e729d6ffaa91b43d2be99edf;2020-11-19T20_16_10.734Z;0;0;0;36
11a155325f353f226a2e2f1ac11eb3aa5351b146;2020-11-23T22_06_37.654Z;0;0;0;36
11a155325f353f226a2e2f1ac11eb3aa5351b146;2020-11-23T22_06_39.188Z;0;0;0;36
11a155325f353f226a2e2f1ac11eb3aa5351b146;2020-11-23T22_06_50.693Z;0;0;0;36
11a155325f353f226a2e2f1ac11eb3aa5351b146;2020-11-23T22_10_20.096Z;1;0;0;0
11a155325f353f226a2e2f1ac11eb3aa5351b146;2020-11-23T22_10_44.574Z;0;0;0;36
11a155325f353f226a2e2f1ac11eb3aa5351b146;2020-11-23T22_10_44.582Z;0;0;0;36
11a155325f353f226a2e2f1ac11eb3aa5351b146;2020-11-23T22_13_04.075Z;0;0;0;13
11a155325f353f226a2e2f1ac11eb3aa5351b146;2020-11-23T22_13_47.114Z;0;0;0;36
11a155325f353f226a2e2f1ac11eb3aa5351b146;2020-11-23T22_14_14.401Z;1;0;0;17
11a155325f353f226a2e2f1ac11eb3aa5351b146;2020-11-23T22_14_41.205Z;2;0;0;0
11a155325f353f226a2e2f1ac11eb3aa5351b146;2020-11-23T22_37_40.747Z;0;0;13;23
11a155325f353f226a2e2f1ac11eb3aa5351b146;2020-11-23T22_50_06.973Z;0;11;15;21
11a155325f353f226a2e2f1ac11eb3aa5351b146;2020-11-24T00_50_54.119Z;0;0;5;31
11a155325f353f226a2e2f1ac11eb3aa5351b146;2020-11-24T21_51_42.815Z;0;0;5;31
11a155325f353f226a2e2f1ac11eb3aa5351b146;2020-11-24T22_40_39.072Z;0;0;13;23
11a155325f353f226a2e2f1ac11eb3aa5351b146;2020-11-25T00_21_04.062Z;0;0;5;31
11a155325f353f226a2e2f1ac11eb3aa5351b146;2020-11-25T00_50_50.820Z;0;1;7;29
11a155325f353f226a2e2f1ac11eb3aa5351b146;2020-11-25T02_44_44.400Z;0;1;5;31
11a155325f353f226a2e2f1ac11eb3aa5351b146;2020-11-25T03_37_43.213Z;0;3;3;33
11a155325f353f226a2e2f1ac11eb3aa5351b146;2020-11-25T03_38_37.491Z;0;0;0;36
11a155325f353f226a2e2f1ac11eb3aa5351b146;2020-11-25T04_15_24.828Z;0;3;3;33
11a155325f353f226a2e2f1ac11eb3aa5351b146;2020-11-25T20_36_55.219Z;0;2;2;34
11a155325f353f226a2e2f1ac11eb3aa5351b146;2020-11-25T20_53_38.627Z;0;0;0;36
11a155325f353f226a2e2f1ac11eb3aa5351b146;2020-11-25T20_54_06.275Z;0;0;0;36
1390c5e2235f7bf89d0e6af7570654c3fa81a50e;2020-11-18T21_55_38.542Z;1;0;0;0
1390c5e2235f7bf89d0e6af7570654c3fa81a50e;2020-11-18T21_57_27.538Z;0;0;0;13
1390c5e2235f7bf89d0e6af7570654c3fa81a50e;2020-11-18T21_57_48.317Z;1;0;0;17
1390c5e2235f7bf89d0e6af7570654c3fa81a50e;2020-11-18T22_42_25.110Z;2;0;0;0
1390c5e2235f7bf89d0e6af7570654c3fa81a50e;2020-11-18T23_39_42.242Z;2;0;0;0
1390c5e2235f7bf89d0e6af7570654c3fa81a50e;2020-11-19T02_33_52.581Z;2;0;0;0
1390c5e2235f7bf89d0e6af7570654c3fa81a50e;2020-11-19T17_00_10.441Z;2;0;0;0
1390c5e2235f7bf89d0e6af7570654c3fa81a50e;2020-11-19T17_46_10.658Z;2;0;0;0
1390c5e2235f7bf89d0e6af7570654c3fa81a50e;2020-11-19T17_46_47.815Z;1;0;0;17
1390c5e2235f7bf89d0e6af7570654c3fa81a50e;2020-11-19T18_25_12.917Z;2;0;0;0
1390c5e2235f7bf89d0e6af7570654c3fa81a50e;2020-11-19T20_36_57.056Z;2;0;0;0
1390c5e2235f7bf89d0e6af7570654c3fa81a50e;2020-11-19T20_57_13.835Z;2;0;0;0
1390c5e2235f7bf89d0e6af7570654c3fa81a50e;2020-11-19T21_53_12.561Z;2;0;0;0
1390c5e2235f7bf89d0e6af7570654c3fa81a50e;2020-11-20T01_55_05.739Z;2;0;0;0
1390c5e2235f7bf89d0e6af7570654c3fa81a50e;2020-11-23T03_35_56.374Z;2;0;0;0
1390c5e2235f7bf89d0e6af7570654c3fa81a50e;2020-11-23T03_45_26.435Z;1;0;0;17
1390c5e2235f7bf89d0e6af7570654c3fa81a50e;2020-11-23T13_37_00.332Z;2;0;0;0
1390c5e2235f7bf89d0e6af7570654c3fa81a50e;2020-11-23T22_42_05.161Z;1;0;0;17
1390c5e2235f7bf89d0e6af7570654c3fa81a50e;2020-11-23T22_44_52.034Z;2;0;0;0
1390c5e2235f7bf89d0e6af7570654c3fa81a50e;2020-11-23T22_59_38.454Z;2;0;0;0
1390c5e2235f7bf89d0e6af7570654c3fa81a50e;2020-11-24T00_41_12.229Z;2;0;0;0
1390c5e2235f7bf89d0e6af7570654c3fa81a50e;2020-11-24T03_41_21.853Z;2;0;0;0
1390c5e2235f7bf89d0e6af7570654c3fa81a50e;2020-11-24T04_34_05.700Z;2;0;0;0
1390c5e2235f7bf89d0e6af7570654c3fa81a50e;2020-11-24T12_39_54.204Z;2;0;0;0
1390c5e2235f7bf89d0e6af7570654c3fa81a50e;2020-11-24T13_03_17.715Z;2;0;0;0
1390c5e2235f7bf89d0e6af7570654c3fa81a50e;2020-11-24T13_05_26.456Z;1;0;0;17
1390c5e2235f7bf89d0e6af7570654c3fa81a50e;2020-11-24T13_31_23.122Z;2;0;0;0
1390c5e2235f7bf89d0e6af7570654c3fa81a50e;2020-11-24T13_32_04.926Z;0;0;13;23
1390c5e2235f7bf89d0e6af7570654c3fa81a50e;2020-11-24T16_53_33.952Z;1;0;0;17
1390c5e2235f7bf89d0e6af7570654c3fa81a50e;2020-11-24T19_42_46.903Z;1;0;0;17
1390c5e2235f7bf89d0e6af7570654c3fa81a50e;2020-11-24T20_53_50.175Z;0;2;12;24
1390c5e2235f7bf89d0e6af7570654c3fa81a50e;2020-11-24T21_04_35.845Z;1;0;0;17
1390c5e2235f7bf89d0e6af7570654c3fa81a50e;2020-11-24T21_34_15.227Z;0;0;13;23
1390c5e2235f7bf89d0e6af7570654c3fa81a50e;2020-11-24T22_00_44.633Z;0;2;11;25
1390c5e2235f7bf89d0e6af7570654c3fa81a50e;2020-11-24T22_45_45.438Z;0;2;7;29
1390c5e2235f7bf89d0e6af7570654c3fa81a50e;2020-11-24T22_51_04.733Z;1;0;0;17
1390c5e2235f7bf89d0e6af7570654c3fa81a50e;2020-11-25T00_43_53.622Z;1;0;0;17
1390c5e2235f7bf89d0e6af7570654c3fa81a50e;2020-11-25T01_48_37.377Z;0;0;13;23
1390c5e2235f7bf89d0e6af7570654c3fa81a50e;2020-11-25T03_49_09.680Z;0;0;13;23
1390c5e2235f7bf89d0e6af7570654c3fa81a50e;2020-11-25T12_43_03.940Z;0;1;11;25
1390c5e2235f7bf89d0e6af7570654c3fa81a50e;2020-11-25T16_24_28.120Z;0;1;11;25
1390c5e2235f7bf89d0e6af7570654c3fa81a50e;2020-11-25T17_28_10.783Z;1;0;0;17
1390c5e2235f7bf89d0e6af7570654c3fa81a50e;2020-11-25T19_53_06.802Z;1;0;0;17
1390c5e2235f7bf89d0e6af7570654c3fa81a50e;2020-11-25T20_38_49.704Z;1;0;0;17
1390c5e2235f7bf89d0e6af7570654c3fa81a50e;2020-11-25T21_14_29.828Z;0;1;8;28
1390c5e2235f7bf89d0e6af7570654c3fa81a50e;2020-11-25T21_22_34.154Z;0;2;7;29
1390c5e2235f7bf89d0e6af7570654c3fa81a50e;2020-11-25T21_40_37.039Z;0;1;8;28
1390c5e2235f7bf89d0e6af7570654c3fa81a50e;2020-11-25T22_28_30.254Z;0;1;6;30
1390c5e2235f7bf89d0e6af7570654c3fa81a50e;2020-11-25T22_39_10.440Z;0;1;6;30
1390c5e2235f7bf89d0e6af7570654c3fa81a50e;2020-11-25T23_13_50.420Z;0;1;4;32
1390c5e2235f7bf89d0e6af7570654c3fa81a50e;2020-11-25T23_23_57.016Z;0;2;7;29
1390c5e2235f7bf89d0e6af7570654c3fa81a50e;2020-11-25T23_25_35.785Z;0;1;4;32
1390c5e2235f7bf89d0e6af7570654c3fa81a50e;2020-11-25T23_40_37.345Z;0;0;3;33
1390c5e2235f7bf89d0e6af7570654c3fa81a50e;2020-11-26T00_14_00.654Z;0;0;0;36
1390c5e2235f7bf89d0e6af7570654c3fa81a50e;2020-11-26T00_17_24.886Z;0;0;0;36
139c29eaf2bf6ea4e53e4a9f895ad1199b063548;2020-11-15T23_30_16.384Z;0;0;0;36
139c29eaf2bf6ea4e53e4a9f895ad1199b063548;2020-11-15T23_30_24.671Z;0;0;0;36
139c29eaf2bf6ea4e53e4a9f895ad1199b063548;2020-11-15T23_42_23.354Z;1;0;0;0
139c29eaf2bf6ea4e53e4a9f895ad1199b063548;2020-11-15T23_43_34.652Z;0;0;0;13
139c29eaf2bf6ea4e53e4a9f895ad1199b063548;2020-11-15T23_48_57.494Z;0;0;0;13
139c29eaf2bf6ea4e53e4a9f895ad1199b063548;2020-11-15T23_49_35.831Z;0;0;0;36
139c29eaf2bf6ea4e53e4a9f895ad1199b063548;2020-11-15T23_50_31.751Z;0;0;0;36
139c29eaf2bf6ea4e53e4a9f895ad1199b063548;2020-11-16T00_05_50.811Z;1;10;12;1
139c29eaf2bf6ea4e53e4a9f895ad1199b063548;2020-11-16T02_03_04.691Z;2;0;0;0
139c29eaf2bf6ea4e53e4a9f895ad1199b063548;2020-11-16T02_37_10.913Z;2;0;0;0
139c29eaf2bf6ea4e53e4a9f895ad1199b063548;2020-11-17T02_15_45.503Z;0;5;14;21
139c29eaf2bf6ea4e53e4a9f895ad1199b063548;2020-11-17T03_32_03.621Z;2;0;0;0
139c29eaf2bf6ea4e53e4a9f895ad1199b063548;2020-11-17T18_05_20.690Z;0;16;18;16
139c29eaf2bf6ea4e53e4a9f895ad1199b063548;2020-11-17T18_29_04.941Z;0;16;18;16
139c29eaf2bf6ea4e53e4a9f895ad1199b063548;2020-11-18T01_36_01.142Z;0;7;14;21
139c29eaf2bf6ea4e53e4a9f895ad1199b063548;2020-11-18T02_02_16.658Z;2;0;0;0
139c29eaf2bf6ea4e53e4a9f895ad1199b063548;2020-11-18T02_27_41.941Z;2;0;0;0
139c29eaf2bf6ea4e53e4a9f895ad1199b063548;2020-11-18T03_04_19.366Z;0;0;0;36
139c29eaf2bf6ea4e53e4a9f895ad1199b063548;2020-11-18T03_11_35.492Z;1;0;0;0
139c29eaf2bf6ea4e53e4a9f895ad1199b063548;2020-11-18T04_04_57.930Z;0;20;21;15
139c29eaf2bf6ea4e53e4a9f895ad1199b063548;2020-11-18T04_05_07.344Z;0;0;0;36
139c29eaf2bf6ea4e53e4a9f895ad1199b063548;2020-11-18T04_41_21.025Z;0;0;0;17
139c29eaf2bf6ea4e53e4a9f895ad1199b063548;2020-11-18T20_21_57.788Z;0;8;14;22
139c29eaf2bf6ea4e53e4a9f895ad1199b063548;2020-11-18T20_29_33.689Z;1;0;0;17
139c29eaf2bf6ea4e53e4a9f895ad1199b063548;2020-11-19T02_29_10.428Z;0;0;2;19
139c29eaf2bf6ea4e53e4a9f895ad1199b063548;2020-11-19T03_41_48.777Z;0;3;3;23
139c29eaf2bf6ea4e53e4a9f895ad1199b063548;2020-11-19T04_25_53.422Z;0;10;14;22
139c29eaf2bf6ea4e53e4a9f895ad1199b063548;2020-11-19T04_30_42.842Z;0;6;6;30
139c29eaf2bf6ea4e53e4a9f895ad1199b063548;2020-11-19T13_12_09.048Z;0;10;10;26
139c29eaf2bf6ea4e53e4a9f895ad1199b063548;2020-11-19T21_39_49.515Z;1;0;0;17
139c29eaf2bf6ea4e53e4a9f895ad1199b063548;2020-11-19T22_16_16.605Z;0;6;6;30
139c29eaf2bf6ea4e53e4a9f895ad1199b063548;2020-11-19T22_32_18.301Z;0;10;10;26
139c29eaf2bf6ea4e53e4a9f895ad1199b063548;2020-11-19T22_32_46.850Z;0;6;6;30
139c29eaf2bf6ea4e53e4a9f895ad1199b063548;2020-11-19T22_49_30.820Z;0;0;0;36
139c29eaf2bf6ea4e53e4a9f895ad1199b063548;2020-11-19T23_06_31.259Z;0;0;0;36
139c29eaf2bf6ea4e53e4a9f895ad1199b063548;2020-11-19T23_18_49.072Z;0;2;2;34
139c29eaf2bf6ea4e53e4a9f895ad1199b063548;2020-11-20T00_14_46.568Z;0;0;0;36
15a781a47074cd944066e0eae974606082fc9788;2020-11-23T15_53_20.565Z;1;0;0;0
15a781a47074cd944066e0eae974606082fc9788;2020-11-23T15_56_00.231Z;2;0;0;0
15a781a47074cd944066e0eae974606082fc9788;2020-11-23T16_07_48.040Z;0;0;0;13
15a781a47074cd944066e0eae974606082fc9788;2020-11-23T16_09_46.397Z;1;0;0;17
15a781a47074cd944066e0eae974606082fc9788;2020-11-23T16_38_43.425Z;0;0;13;23
15a781a47074cd944066e0eae974606082fc9788;2020-11-23T16_58_54.432Z;0;1;5;31
15a781a47074cd944066e0eae974606082fc9788;2020-11-23T17_36_09.566Z;0;0;13;23
15a781a47074cd944066e0eae974606082fc9788;2020-11-23T19_33_40.897Z;0;0;13;23
15a781a47074cd944066e0eae974606082fc9788;2020-11-23T19_51_50.989Z;0;0;13;23
15a781a47074cd944066e0eae974606082fc9788;2020-11-24T15_05_04.980Z;0;1;8;28
15a781a47074cd944066e0eae974606082fc9788;2020-11-24T15_36_07.977Z;0;3;4;32
15a781a47074cd944066e0eae974606082fc9788;2020-11-24T19_44_59.693Z;0;0;0;36
15a781a47074cd944066e0eae974606082fc9788;2020-11-24T20_09_10.452Z;0;0;1;35
15a781a47074cd944066e0eae974606082fc9788;2020-11-24T20_23_13.386Z;0;0;0;36
15a781a47074cd944066e0eae974606082fc9788;2020-11-24T20_38_56.498Z;0;0;0;36
15a781a47074cd944066e0eae974606082fc9788;2020-11-24T20_41_50.707Z;0;0;1;35
15b943b08735673bf26c83a3211e0dcdbe4014e0;2020-11-18T20_14_16.919Z;1;0;0;0
15b943b08735673bf26c83a3211e0dcdbe4014e0;2020-11-18T20_14_55.366Z;2;0;0;0
15b943b08735673bf26c83a3211e0dcdbe4014e0;2020-11-19T00_58_11.268Z;2;0;0;0
15b943b08735673bf26c83a3211e0dcdbe4014e0;2020-11-19T01_46_53.240Z;2;0;0;0
15b943b08735673bf26c83a3211e0dcdbe4014e0;2020-11-23T16_55_56.591Z;2;0;0;0
15b943b08735673bf26c83a3211e0dcdbe4014e0;2020-11-24T14_32_31.395Z;2;0;0;0
15b943b08735673bf26c83a3211e0dcdbe4014e0;2020-11-24T18_45_47.432Z;2;0;0;0
15b943b08735673bf26c83a3211e0dcdbe4014e0;2020-11-24T20_17_30.114Z;2;0;0;0
15b943b08735673bf26c83a3211e0dcdbe4014e0;2020-11-24T20_20_31.358Z;0;0;0;13
15b943b08735673bf26c83a3211e0dcdbe4014e0;2020-11-24T20_21_06.518Z;1;0;0;17
15b943b08735673bf26c83a3211e0dcdbe4014e0;2020-11-24T21_07_33.581Z;1;0;0;17
15b943b08735673bf26c83a3211e0dcdbe4014e0;2020-11-24T21_46_32.351Z;1;0;0;17
15b943b08735673bf26c83a3211e0dcdbe4014e0;2020-11-24T23_49_06.833Z;1;0;0;17
15b943b08735673bf26c83a3211e0dcdbe4014e0;2020-11-25T00_21_54.571Z;1;0;0;17
15b943b08735673bf26c83a3211e0dcdbe4014e0;2020-11-25T01_10_39.349Z;0;12;14;22
15b943b08735673bf26c83a3211e0dcdbe4014e0;2020-11-25T01_15_25.597Z;0;4;6;25
15b943b08735673bf26c83a3211e0dcdbe4014e0;2020-11-25T11_17_46.767Z;0;4;6;25
15b943b08735673bf26c83a3211e0dcdbe4014e0;2020-11-25T11_56_57.848Z;0;4;6;25
15b943b08735673bf26c83a3211e0dcdbe4014e0;2020-11-25T12_17_00.304Z;1;0;0;17
15b943b08735673bf26c83a3211e0dcdbe4014e0;2020-11-25T15_10_25.279Z;0;7;9;27
15b943b08735673bf26c83a3211e0dcdbe4014e0;2020-11-25T15_25_20.659Z;0;7;9;27
15b943b08735673bf26c83a3211e0dcdbe4014e0;2020-11-25T15_39_23.013Z;0;12;14;22
15b943b08735673bf26c83a3211e0dcdbe4014e0;2020-11-25T17_39_27.208Z;0;7;9;27
15b943b08735673bf26c83a3211e0dcdbe4014e0;2020-11-25T17_39_44.500Z;0;12;14;22
15b943b08735673bf26c83a3211e0dcdbe4014e0;2020-11-25T18_05_37.828Z;0;7;9;27
15b943b08735673bf26c83a3211e0dcdbe4014e0;2020-11-25T18_05_44.020Z;0;12;14;22
15b943b08735673bf26c83a3211e0dcdbe4014e0;2020-11-25T19_24_58.657Z;0;11;11;25
15b943b08735673bf26c83a3211e0dcdbe4014e0;2020-11-25T19_44_24.692Z;0;11;11;25
15b943b08735673bf26c83a3211e0dcdbe4014e0;2020-11-25T19_56_58.934Z;0;7;9;27
15b943b08735673bf26c83a3211e0dcdbe4014e0;2020-11-25T20_17_31.786Z;0;13;13;23
15b943b08735673bf26c83a3211e0dcdbe4014e0;2020-11-25T20_55_37.330Z;0;14;14;22
15b943b08735673bf26c83a3211e0dcdbe4014e0;2020-11-25T21_31_31.096Z;0;14;14;22
15b943b08735673bf26c83a3211e0dcdbe4014e0;2020-11-25T22_22_56.323Z;0;1;6;30
15b943b08735673bf26c83a3211e0dcdbe4014e0;2020-11-25T22_59_57.225Z;0;0;0;36
15b943b08735673bf26c83a3211e0dcdbe4014e0;2020-11-25T23_24_17.073Z;0;0;0;36
15b943b08735673bf26c83a3211e0dcdbe4014e0;2020-11-25T23_42_08.098Z;0;9;9;27
15b943b08735673bf26c83a3211e0dcdbe4014e0;2020-11-25T23_54_45.854Z;0;9;9;27
15c790d885b3c3fbf73e766b09fe14cb31b34d63;2020-11-26T03_41_39.697Z;1;0;0;0
15c790d885b3c3fbf73e766b09fe14cb31b34d63;2020-11-26T03_41_58.484Z;0;0;0;13
15c790d885b3c3fbf73e766b09fe14cb31b34d63;2020-11-26T03_42_38.035Z;2;0;0;0
15c790d885b3c3fbf73e766b09fe14cb31b34d63;2020-11-26T03_42_58.218Z;1;0;0;17
15c790d885b3c3fbf73e766b09fe14cb31b34d63;2020-11-26T04_09_13.875Z;2;0;0;0
15c790d885b3c3fbf73e766b09fe14cb31b34d63;2020-11-26T04_31_32.644Z;2;0;0;0
15c790d885b3c3fbf73e766b09fe14cb31b34d63;2020-11-26T05_07_07.461Z;0;0;13;23
15c790d885b3c3fbf73e766b09fe14cb31b34d63;2020-11-26T05_33_12.886Z;0;1;2;34
15c790d885b3c3fbf73e766b09fe14cb31b34d63;2020-11-27T02_08_04.614Z;0;1;2;34
15c790d885b3c3fbf73e766b09fe14cb31b34d63;2020-11-27T03_08_14.925Z;0;1;11;25
15c790d885b3c3fbf73e766b09fe14cb31b34d63;2020-11-27T03_10_53.317Z;0;1;2;34
15c790d885b3c3fbf73e766b09fe14cb31b34d63;2020-11-27T04_30_59.490Z;1;0;0;17
15c790d885b3c3fbf73e766b09fe14cb31b34d63;2020-11-27T04_42_02.910Z;0;1;1;35
15c790d885b3c3fbf73e766b09fe14cb31b34d63;2020-11-27T04_51_18.881Z;0;0;0;36
15c790d885b3c3fbf73e766b09fe14cb31b34d63;2020-11-27T04_55_54.448Z;0;0;0;36
1617cb7fffc171ccfb7a8a377fb8ed9188bebe0d;2020-11-15T06_37_51.333Z;0;0;0;36
1617cb7fffc171ccfb7a8a377fb8ed9188bebe0d;2020-11-15T12_31_51.180Z;0;0;0;36
1617cb7fffc171ccfb7a8a377fb8ed9188bebe0d;2020-11-24T08_33_01.854Z;0;0;0;36
1617cb7fffc171ccfb7a8a377fb8ed9188bebe0d;2020-11-24T08_36_56.087Z;1;0;0;0
1617cb7fffc171ccfb7a8a377fb8ed9188bebe0d;2020-11-24T09_23_18.118Z;0;0;0;36
1617cb7fffc171ccfb7a8a377fb8ed9188bebe0d;2020-11-24T09_27_00.006Z;0;0;0;13
1617cb7fffc171ccfb7a8a377fb8ed9188bebe0d;2020-11-24T09_41_12.321Z;2;0;0;0
1617cb7fffc171ccfb7a8a377fb8ed9188bebe0d;2020-11-24T09_47_52.606Z;0;0;0;36
1617cb7fffc171ccfb7a8a377fb8ed9188bebe0d;2020-11-24T09_48_02.603Z;0;0;0;36
1617cb7fffc171ccfb7a8a377fb8ed9188bebe0d;2020-11-24T10_12_02.220Z;1;0;0;17
1617cb7fffc171ccfb7a8a377fb8ed9188bebe0d;2020-11-24T11_17_38.149Z;2;0;0;0
1617cb7fffc171ccfb7a8a377fb8ed9188bebe0d;2020-11-24T11_46_27.772Z;0;0;4;32
1617cb7fffc171ccfb7a8a377fb8ed9188bebe0d;2020-11-24T11_46_42.527Z;0;0;3;33
1617cb7fffc171ccfb7a8a377fb8ed9188bebe0d;2020-11-25T13_09_30.232Z;0;0;0;36
1617cb7fffc171ccfb7a8a377fb8ed9188bebe0d;2020-11-25T13_10_43.977Z;0;0;3;33
1617cb7fffc171ccfb7a8a377fb8ed9188bebe0d;2020-11-25T13_11_03.567Z;0;0;4;32
1617cb7fffc171ccfb7a8a377fb8ed9188bebe0d;2020-11-25T13_13_18.369Z;0;0;0;36
1617cb7fffc171ccfb7a8a377fb8ed9188bebe0d;2020-11-25T13_28_26.305Z;0;0;4;32
1617cb7fffc171ccfb7a8a377fb8ed9188bebe0d;2020-11-25T13_42_44.037Z;0;0;0;36
1617cb7fffc171ccfb7a8a377fb8ed9188bebe0d;2020-11-25T13_59_47.932Z;0;0;0;36
1617cb7fffc171ccfb7a8a377fb8ed9188bebe0d;2020-11-25T14_00_36.871Z;0;0;0;36
1617cb7fffc171ccfb7a8a377fb8ed9188bebe0d;2020-11-25T14_02_55.086Z;0;0;0;36
1617cb7fffc171ccfb7a8a377fb8ed9188bebe0d;2020-11-25T14_05_04.816Z;0;0;0;36
1617cb7fffc171ccfb7a8a377fb8ed9188bebe0d;2020-11-25T14_05_09.906Z;0;0;0;36
1617cb7fffc171ccfb7a8a377fb8ed9188bebe0d;2020-11-25T14_05_14.250Z;0;0;0;36
1617cb7fffc171ccfb7a8a377fb8ed9188bebe0d;2020-11-25T14_05_19.497Z;0;0;0;36
1617cb7fffc171ccfb7a8a377fb8ed9188bebe0d;2020-11-25T14_24_22.231Z;0;0;0;36
1617cb7fffc171ccfb7a8a377fb8ed9188bebe0d;2020-11-25T15_30_24.253Z;0;0;0;36
1617cb7fffc171ccfb7a8a377fb8ed9188bebe0d;2020-11-25T16_35_30.815Z;0;0;0;36
1617cb7fffc171ccfb7a8a377fb8ed9188bebe0d;2020-11-25T16_37_14.279Z;0;0;0;36
1617cb7fffc171ccfb7a8a377fb8ed9188bebe0d;2020-11-25T17_01_59.374Z;0;0;0;36
1617cb7fffc171ccfb7a8a377fb8ed9188bebe0d;2020-11-25T17_28_14.951Z;0;0;0;36
1617cb7fffc171ccfb7a8a377fb8ed9188bebe0d;2020-11-25T17_29_32.467Z;0;0;0;36
1655907b46332e9bf59fd3792dffea88f661da4d;2020-11-15T17_27_39.988Z;1;0;0;0
1655907b46332e9bf59fd3792dffea88f661da4d;2020-11-15T17_58_46.569Z;2;0;0;0
1655907b46332e9bf59fd3792dffea88f661da4d;2020-11-21T00_31_54.335Z;2;0;0;0
1655907b46332e9bf59fd3792dffea88f661da4d;2020-11-21T22_54_40.317Z;0;0;0;36
1655907b46332e9bf59fd3792dffea88f661da4d;2020-11-21T22_54_52.951Z;0;0;0;36
1655907b46332e9bf59fd3792dffea88f661da4d;2020-11-21T22_57_57.484Z;2;0;0;0
1655907b46332e9bf59fd3792dffea88f661da4d;2020-11-21T23_03_04.191Z;0;0;0;13
1655907b46332e9bf59fd3792dffea88f661da4d;2020-11-21T23_08_36.730Z;0;0;13;23
1655907b46332e9bf59fd3792dffea88f661da4d;2020-11-21T23_46_46.039Z;0;1;13;23
1655907b46332e9bf59fd3792dffea88f661da4d;2020-11-23T00_35_50.687Z;0;1;13;23
1655907b46332e9bf59fd3792dffea88f661da4d;2020-11-23T02_30_51.922Z;2;0;0;0
1655907b46332e9bf59fd3792dffea88f661da4d;2020-11-23T02_50_17.435Z;2;0;0;0
1655907b46332e9bf59fd3792dffea88f661da4d;2020-11-23T03_26_06.158Z;2;0;0;0
1655907b46332e9bf59fd3792dffea88f661da4d;2020-11-23T22_38_37.748Z;0;3;9;27
1655907b46332e9bf59fd3792dffea88f661da4d;2020-11-23T23_06_34.374Z;2;0;0;0
1655907b46332e9bf59fd3792dffea88f661da4d;2020-11-24T00_41_18.253Z;0;1;1;35
1655907b46332e9bf59fd3792dffea88f661da4d;2020-11-24T01_48_29.656Z;0;0;13;23
1655907b46332e9bf59fd3792dffea88f661da4d;2020-11-24T03_03_51.858Z;0;1;11;25
1655907b46332e9bf59fd3792dffea88f661da4d;2020-11-24T18_01_23.343Z;1;0;0;17
1655907b46332e9bf59fd3792dffea88f661da4d;2020-11-24T18_46_55.060Z;1;0;0;17
1655907b46332e9bf59fd3792dffea88f661da4d;2020-11-24T19_36_15.786Z;0;2;9;27
1655907b46332e9bf59fd3792dffea88f661da4d;2020-11-24T23_05_36.576Z;0;2;9;27
1655907b46332e9bf59fd3792dffea88f661da4d;2020-11-24T23_31_25.476Z;1;0;0;17
1655907b46332e9bf59fd3792dffea88f661da4d;2020-11-24T23_49_19.646Z;1;0;0;17
1655907b46332e9bf59fd3792dffea88f661da4d;2020-11-25T00_24_13.948Z;0;1;1;35
1655907b46332e9bf59fd3792dffea88f661da4d;2020-11-25T00_28_29.536Z;0;3;7;29
1655907b46332e9bf59fd3792dffea88f661da4d;2020-11-25T00_43_55.536Z;1;0;0;17
1655907b46332e9bf59fd3792dffea88f661da4d;2020-11-25T00_49_14.012Z;0;1;1;35
1655907b46332e9bf59fd3792dffea88f661da4d;2020-11-25T02_02_35.715Z;0;4;5;31
1655907b46332e9bf59fd3792dffea88f661da4d;2020-11-25T02_06_58.674Z;0;1;1;35
1655907b46332e9bf59fd3792dffea88f661da4d;2020-11-25T02_48_03.805Z;2;0;0;0
1655907b46332e9bf59fd3792dffea88f661da4d;2020-11-25T02_51_20.144Z;0;4;5;31
1655907b46332e9bf59fd3792dffea88f661da4d;2020-11-25T03_15_40.448Z;0;1;1;35
1655907b46332e9bf59fd3792dffea88f661da4d;2020-11-25T03_20_51.663Z;0;4;5;31
1655907b46332e9bf59fd3792dffea88f661da4d;2020-11-25T20_27_17.941Z;0;0;0;36
1655907b46332e9bf59fd3792dffea88f661da4d;2020-11-25T20_58_45.017Z;0;4;4;32
1655907b46332e9bf59fd3792dffea88f661da4d;2020-11-25T21_33_35.469Z;0;4;4;32
1655907b46332e9bf59fd3792dffea88f661da4d;2020-11-25T23_56_42.584Z;1;0;0;17
1655907b46332e9bf59fd3792dffea88f661da4d;2020-11-26T00_17_42.369Z;0;0;2;34
1655907b46332e9bf59fd3792dffea88f661da4d;2020-11-26T00_58_24.490Z;0;0;2;34
1655907b46332e9bf59fd3792dffea88f661da4d;2020-11-26T01_50_10.071Z;0;0;0;36
1697b3ab314a9d0523a560fb62094ecc8b34c55f;2020-11-20T04_56_46.597Z;0;0;0;36
1697b3ab314a9d0523a560fb62094ecc8b34c55f;2020-11-20T04_56_59.092Z;0;0;0;36
1697b3ab314a9d0523a560fb62094ecc8b34c55f;2020-11-20T04_59_28.429Z;1;0;0;0
1697b3ab314a9d0523a560fb62094ecc8b34c55f;2020-11-20T04_59_37.634Z;0;0;0;13
1697b3ab314a9d0523a560fb62094ecc8b34c55f;2020-11-20T05_12_02.907Z;0;0;0;17
1697b3ab314a9d0523a560fb62094ecc8b34c55f;2020-11-20T05_14_19.147Z;2;0;0;0
1697b3ab314a9d0523a560fb62094ecc8b34c55f;2020-11-22T17_06_19.610Z;2;0;0;0
1697b3ab314a9d0523a560fb62094ecc8b34c55f;2020-11-22T22_46_02.202Z;2;0;0;0
1697b3ab314a9d0523a560fb62094ecc8b34c55f;2020-11-22T23_44_18.875Z;0;0;0;36
1697b3ab314a9d0523a560fb62094ecc8b34c55f;2020-11-22T23_44_25.095Z;0;0;0;36
1697b3ab314a9d0523a560fb62094ecc8b34c55f;2020-11-23T00_11_22.699Z;0;6;17;19
1697b3ab314a9d0523a560fb62094ecc8b34c55f;2020-11-23T00_28_54.269Z;0;6;17;19
1697b3ab314a9d0523a560fb62094ecc8b34c55f;2020-11-23T01_28_24.225Z;0;12;12;24
1697b3ab314a9d0523a560fb62094ecc8b34c55f;2020-11-23T12_56_47.753Z;0;8;9;27
1697b3ab314a9d0523a560fb62094ecc8b34c55f;2020-11-23T13_30_08.584Z;2;0;0;0
1697b3ab314a9d0523a560fb62094ecc8b34c55f;2020-11-23T14_06_32.101Z;2;0;0;0
1697b3ab314a9d0523a560fb62094ecc8b34c55f;2020-11-23T20_34_30.358Z;2;0;0;0
1697b3ab314a9d0523a560fb62094ecc8b34c55f;2020-11-23T20_51_22.240Z;0;12;12;24
1697b3ab314a9d0523a560fb62094ecc8b34c55f;2020-11-23T21_03_13.732Z;0;21;21;15
1697b3ab314a9d0523a560fb62094ecc8b34c55f;2020-11-23T21_32_50.002Z;0;1;5;31
1697b3ab314a9d0523a560fb62094ecc8b34c55f;2020-11-23T21_50_46.645Z;0;0;0;13
1697b3ab314a9d0523a560fb62094ecc8b34c55f;2020-11-23T22_19_45.754Z;0;1;5;31
1697b3ab314a9d0523a560fb62094ecc8b34c55f;2020-11-23T23_19_26.052Z;1;0;0;17
1697b3ab314a9d0523a560fb62094ecc8b34c55f;2020-11-23T23_33_24.220Z;1;0;0;17
1697b3ab314a9d0523a560fb62094ecc8b34c55f;2020-11-24T02_12_18.570Z;1;0;0;17
1697b3ab314a9d0523a560fb62094ecc8b34c55f;2020-11-24T02_24_28.654Z;1;0;0;17
1697b3ab314a9d0523a560fb62094ecc8b34c55f;2020-11-24T13_33_41.231Z;0;1;1;35
1697b3ab314a9d0523a560fb62094ecc8b34c55f;2020-11-24T14_36_08.049Z;0;1;1;35
1697b3ab314a9d0523a560fb62094ecc8b34c55f;2020-11-24T14_57_05.461Z;0;1;1;35
1697b3ab314a9d0523a560fb62094ecc8b34c55f;2020-11-24T15_16_29.301Z;1;0;0;17
1697b3ab314a9d0523a560fb62094ecc8b34c55f;2020-11-24T15_44_17.746Z;0;1;5;31
1697b3ab314a9d0523a560fb62094ecc8b34c55f;2020-11-24T20_36_59.224Z;0;1;1;35
1697b3ab314a9d0523a560fb62094ecc8b34c55f;2020-11-24T20_39_43.953Z;0;0;0;36
1697b3ab314a9d0523a560fb62094ecc8b34c55f;2020-11-24T20_39_55.696Z;0;0;0;36
1697b3ab314a9d0523a560fb62094ecc8b34c55f;2020-11-25T01_24_25.599Z;0;0;0;36
1697b3ab314a9d0523a560fb62094ecc8b34c55f;2020-11-25T01_40_16.986Z;0;0;0;36
1697b3ab314a9d0523a560fb62094ecc8b34c55f;2020-11-25T03_47_52.160Z;0;0;0;36
1697b3ab314a9d0523a560fb62094ecc8b34c55f;2020-11-25T04_05_27.107Z;0;0;0;36
1697b3ab314a9d0523a560fb62094ecc8b34c55f;2020-11-25T04_06_49.130Z;0;0;0;36
16d9298309705bb8ce82f1f11aa45a893548b88a;2020-11-18T01_44_04.512Z;1;0;0;0
16d9298309705bb8ce82f1f11aa45a893548b88a;2020-11-18T01_45_47.467Z;1;0;5;3
16d9298309705bb8ce82f1f11aa45a893548b88a;2020-11-18T04_51_16.671Z;2;0;0;0
16d9298309705bb8ce82f1f11aa45a893548b88a;2020-11-18T20_36_55.955Z;2;0;0;0
16d9298309705bb8ce82f1f11aa45a893548b88a;2020-11-18T21_07_04.311Z;2;0;0;0
16d9298309705bb8ce82f1f11aa45a893548b88a;2020-11-18T22_24_43.633Z;0;0;0;36
16d9298309705bb8ce82f1f11aa45a893548b88a;2020-11-18T22_24_50.439Z;0;0;0;36
16d9298309705bb8ce82f1f11aa45a893548b88a;2020-11-18T22_34_29.042Z;1;1;3;12
16d9298309705bb8ce82f1f11aa45a893548b88a;2020-11-18T22_34_55.791Z;0;0;0;13
16d9298309705bb8ce82f1f11aa45a893548b88a;2020-11-18T22_38_26.995Z;1;0;0;17
16d9298309705bb8ce82f1f11aa45a893548b88a;2020-11-18T22_51_02.770Z;0;0;13;23
16d9298309705bb8ce82f1f11aa45a893548b88a;2020-11-18T23_00_55.986Z;2;0;0;0
16d9298309705bb8ce82f1f11aa45a893548b88a;2020-11-19T00_01_48.182Z;0;1;3;33
16d9298309705bb8ce82f1f11aa45a893548b88a;2020-11-19T00_01_58.978Z;0;0;13;23
16d9298309705bb8ce82f1f11aa45a893548b88a;2020-11-19T04_49_50.108Z;1;0;0;17
16d9298309705bb8ce82f1f11aa45a893548b88a;2020-11-19T20_28_19.924Z;1;0;0;17
16d9298309705bb8ce82f1f11aa45a893548b88a;2020-11-19T21_50_37.301Z;1;0;0;17
16d9298309705bb8ce82f1f11aa45a893548b88a;2020-11-19T22_17_15.673Z;1;0;0;17
16d9298309705bb8ce82f1f11aa45a893548b88a;2020-11-19T22_55_49.098Z;1;0;0;17
16d9298309705bb8ce82f1f11aa45a893548b88a;2020-11-20T00_31_50.313Z;0;1;3;33
16d9298309705bb8ce82f1f11aa45a893548b88a;2020-11-20T00_46_30.641Z;0;1;3;33
16d9298309705bb8ce82f1f11aa45a893548b88a;2020-11-20T01_26_52.562Z;0;0;0;36
16d9298309705bb8ce82f1f11aa45a893548b88a;2020-11-20T01_35_24.257Z;0;0;0;36
16d9298309705bb8ce82f1f11aa45a893548b88a;2020-11-25T21_01_25.707Z;0;0;0;36
16d9298309705bb8ce82f1f11aa45a893548b88a;2020-12-01T01_20_10.016Z;0;0;0;36
16f05fc1b167b79d431c60e7690dbf8f42a6490b;2020-11-25T17_10_58.252Z;0;0;0;36
16f05fc1b167b79d431c60e7690dbf8f42a6490b;2020-11-25T19_48_43.588Z;1;0;0;0
16f05fc1b167b79d431c60e7690dbf8f42a6490b;2020-11-25T20_11_53.582Z;2;0;0;0
16f05fc1b167b79d431c60e7690dbf8f42a6490b;2020-11-25T21_19_24.892Z;2;0;0;0
16f05fc1b167b79d431c60e7690dbf8f42a6490b;2020-11-25T21_20_10.387Z;0;0;0;13
16f05fc1b167b79d431c60e7690dbf8f42a6490b;2020-11-25T22_19_30.687Z;0;4;5;31
16f05fc1b167b79d431c60e7690dbf8f42a6490b;2020-11-25T22_20_08.417Z;0;0;0;36
16f05fc1b167b79d431c60e7690dbf8f42a6490b;2020-11-25T22_25_28.542Z;0;0;0;36
16f05fc1b167b79d431c60e7690dbf8f42a6490b;2020-11-25T22_33_18.597Z;0;4;5;31
16f05fc1b167b79d431c60e7690dbf8f42a6490b;2020-11-25T22_45_55.995Z;0;4;5;31
16f05fc1b167b79d431c60e7690dbf8f42a6490b;2020-11-25T22_46_50.926Z;0;0;0;36
1933eef337e0dad01d6f7dadc966c42abda9d7a5;2020-11-15T21_25_06.661Z;1;0;0;0
1933eef337e0dad01d6f7dadc966c42abda9d7a5;2020-11-15T21_26_12.685Z;0;0;0;36
1933eef337e0dad01d6f7dadc966c42abda9d7a5;2020-11-15T21_26_26.538Z;1;0;0;0
1933eef337e0dad01d6f7dadc966c42abda9d7a5;2020-11-15T22_02_10.052Z;2;0;0;0
1933eef337e0dad01d6f7dadc966c42abda9d7a5;2020-11-15T22_16_30.694Z;2;0;0;0
1933eef337e0dad01d6f7dadc966c42abda9d7a5;2020-11-16T13_00_26.262Z;0;16;16;20
1933eef337e0dad01d6f7dadc966c42abda9d7a5;2020-11-16T13_01_50.397Z;0;0;0;36
1933eef337e0dad01d6f7dadc966c42abda9d7a5;2020-11-16T13_02_10.493Z;0;0;0;36
1933eef337e0dad01d6f7dadc966c42abda9d7a5;2020-11-16T13_02_16.566Z;0;0;0;36
1933eef337e0dad01d6f7dadc966c42abda9d7a5;2020-11-16T13_30_34.524Z;0;11;15;21
1933eef337e0dad01d6f7dadc966c42abda9d7a5;2020-11-16T20_29_26.180Z;0;5;10;26
1933eef337e0dad01d6f7dadc966c42abda9d7a5;2020-11-16T21_02_23.770Z;0;5;6;30
1933eef337e0dad01d6f7dadc966c42abda9d7a5;2020-11-16T21_06_09.312Z;0;0;0;13
1933eef337e0dad01d6f7dadc966c42abda9d7a5;2020-11-16T21_27_29.693Z;1;0;0;17
1933eef337e0dad01d6f7dadc966c42abda9d7a5;2020-11-16T21_46_33.432Z;1;0;0;17
1933eef337e0dad01d6f7dadc966c42abda9d7a5;2020-11-18T19_01_48.278Z;0;1;10;26
1933eef337e0dad01d6f7dadc966c42abda9d7a5;2020-11-18T19_53_07.884Z;0;2;12;24
1933eef337e0dad01d6f7dadc966c42abda9d7a5;2020-11-19T03_28_35.838Z;0;2;11;25
1933eef337e0dad01d6f7dadc966c42abda9d7a5;2020-11-19T12_38_58.872Z;0;2;10;26
1933eef337e0dad01d6f7dadc966c42abda9d7a5;2020-11-19T22_53_16.768Z;0;1;10;26
1933eef337e0dad01d6f7dadc966c42abda9d7a5;2020-11-20T00_12_30.858Z;0;1;11;25
1933eef337e0dad01d6f7dadc966c42abda9d7a5;2020-11-23T00_30_15.613Z;0;4;11;25
1933eef337e0dad01d6f7dadc966c42abda9d7a5;2020-11-23T19_16_17.260Z;0;4;11;25
1933eef337e0dad01d6f7dadc966c42abda9d7a5;2020-11-23T23_16_25.009Z;0;5;9;27
1933eef337e0dad01d6f7dadc966c42abda9d7a5;2020-11-23T23_17_18.969Z;0;5;5;31
1933eef337e0dad01d6f7dadc966c42abda9d7a5;2020-11-24T00_01_28.042Z;0;0;0;36
1933eef337e0dad01d6f7dadc966c42abda9d7a5;2020-11-24T00_41_24.549Z;0;0;0;36
1933eef337e0dad01d6f7dadc966c42abda9d7a5;2020-11-24T00_42_32.558Z;0;0;0;36
1933eef337e0dad01d6f7dadc966c42abda9d7a5;2020-11-24T20_31_04.194Z;0;0;0;36
1933eef337e0dad01d6f7dadc966c42abda9d7a5;2020-11-24T20_31_17.314Z;0;0;0;36
1933eef337e0dad01d6f7dadc966c42abda9d7a5;2020-11-24T23_36_40.738Z;0;0;0;36
1933eef337e0dad01d6f7dadc966c42abda9d7a5;2020-11-25T00_20_57.019Z;0;0;0;36
1933eef337e0dad01d6f7dadc966c42abda9d7a5;2020-11-25T00_36_12.525Z;0;0;0;36
1933eef337e0dad01d6f7dadc966c42abda9d7a5;2020-11-25T01_40_21.813Z;0;0;0;36
1933eef337e0dad01d6f7dadc966c42abda9d7a5;2020-11-25T02_10_26.086Z;0;0;0;36
1933eef337e0dad01d6f7dadc966c42abda9d7a5;2020-11-25T02_13_19.759Z;0;0;0;36
198314c2ae4294f0607d2c85c1e50817f69c6613;2020-11-24T19_43_30.010Z;1;0;0;0
198314c2ae4294f0607d2c85c1e50817f69c6613;2020-11-24T19_46_27.097Z;0;0;0;13
198314c2ae4294f0607d2c85c1e50817f69c6613;2020-11-24T19_48_37.157Z;0;0;13;23
198314c2ae4294f0607d2c85c1e50817f69c6613;2020-11-24T20_00_22.846Z;2;0;0;0
198314c2ae4294f0607d2c85c1e50817f69c6613;2020-11-24T22_15_50.383Z;0;0;1;35
198314c2ae4294f0607d2c85c1e50817f69c6613;2020-11-24T22_53_08.212Z;2;0;0;0
198314c2ae4294f0607d2c85c1e50817f69c6613;2020-11-24T23_23_56.728Z;0;0;10;26
198314c2ae4294f0607d2c85c1e50817f69c6613;2020-11-24T23_25_38.279Z;2;0;0;0
198314c2ae4294f0607d2c85c1e50817f69c6613;2020-11-24T23_42_16.512Z;1;0;0;17
198314c2ae4294f0607d2c85c1e50817f69c6613;2020-11-25T00_30_30.812Z;0;0;1;35
198314c2ae4294f0607d2c85c1e50817f69c6613;2020-11-25T00_47_36.719Z;2;0;0;0
198314c2ae4294f0607d2c85c1e50817f69c6613;2020-11-25T00_57_56.027Z;0;1;4;32
198314c2ae4294f0607d2c85c1e50817f69c6613;2020-11-25T01_14_13.903Z;0;2;2;34
198314c2ae4294f0607d2c85c1e50817f69c6613;2020-11-25T01_17_09.729Z;2;0;0;0
198314c2ae4294f0607d2c85c1e50817f69c6613;2020-11-25T01_38_37.353Z;2;0;0;0
198314c2ae4294f0607d2c85c1e50817f69c6613;2020-11-25T02_01_03.871Z;0;6;8;28
198314c2ae4294f0607d2c85c1e50817f69c6613;2020-11-25T02_07_49.812Z;2;0;0;0
198314c2ae4294f0607d2c85c1e50817f69c6613;2020-11-25T02_40_37.863Z;0;0;0;36
198314c2ae4294f0607d2c85c1e50817f69c6613;2020-11-25T02_57_03.445Z;0;0;1;35
198314c2ae4294f0607d2c85c1e50817f69c6613;2020-11-25T03_07_48.915Z;0;0;0;36
198314c2ae4294f0607d2c85c1e50817f69c6613;2020-11-25T03_25_44.925Z;0;0;1;35
198314c2ae4294f0607d2c85c1e50817f69c6613;2020-11-25T03_39_26.234Z;0;0;0;36
198314c2ae4294f0607d2c85c1e50817f69c6613;2020-11-25T03_43_49.471Z;0;0;0;36
199166168078f1058210fb1ed2f424a0fd37b7cf;2020-11-20T21_24_34.803Z;0;0;0;36
199166168078f1058210fb1ed2f424a0fd37b7cf;2020-11-20T21_25_45.811Z;1;0;0;0
199166168078f1058210fb1ed2f424a0fd37b7cf;2020-11-20T21_27_06.381Z;0;0;0;13
199166168078f1058210fb1ed2f424a0fd37b7cf;2020-11-20T21_32_52.135Z;0;0;0;36
199166168078f1058210fb1ed2f424a0fd37b7cf;2020-11-20T21_33_57.325Z;0;0;0;36
199166168078f1058210fb1ed2f424a0fd37b7cf;2020-11-20T21_34_12.437Z;0;0;0;17
199166168078f1058210fb1ed2f424a0fd37b7cf;2020-11-20T21_34_39.176Z;0;0;0;36
199166168078f1058210fb1ed2f424a0fd37b7cf;2020-11-20T21_34_48.608Z;0;0;0;36
199166168078f1058210fb1ed2f424a0fd37b7cf;2020-11-20T22_01_32.965Z;0;0;0;36
199166168078f1058210fb1ed2f424a0fd37b7cf;2020-11-20T22_01_42.052Z;0;0;0;36
199166168078f1058210fb1ed2f424a0fd37b7cf;2020-11-20T22_18_02.432Z;0;0;0;36
199166168078f1058210fb1ed2f424a0fd37b7cf;2020-11-20T22_18_14.539Z;0;0;0;13
199166168078f1058210fb1ed2f424a0fd37b7cf;2020-11-20T22_18_53.350Z;0;0;0;36
199166168078f1058210fb1ed2f424a0fd37b7cf;2020-11-20T22_18_58.700Z;0;0;0;36
199166168078f1058210fb1ed2f424a0fd37b7cf;2020-11-20T22_24_46.835Z;0;0;0;36
199166168078f1058210fb1ed2f424a0fd37b7cf;2020-11-20T23_04_47.938Z;0;0;0;36
199166168078f1058210fb1ed2f424a0fd37b7cf;2020-11-20T23_21_52.533Z;0;1;2;34
199166168078f1058210fb1ed2f424a0fd37b7cf;2020-11-21T17_26_48.858Z;0;0;0;36
199166168078f1058210fb1ed2f424a0fd37b7cf;2020-11-21T17_36_09.250Z;0;1;2;34
199166168078f1058210fb1ed2f424a0fd37b7cf;2020-11-21T17_49_25.826Z;0;0;0;36
199166168078f1058210fb1ed2f424a0fd37b7cf;2020-11-21T18_10_31.139Z;0;0;0;17
199166168078f1058210fb1ed2f424a0fd37b7cf;2020-11-21T19_33_26.344Z;0;2;5;21
199166168078f1058210fb1ed2f424a0fd37b7cf;2020-11-21T19_51_19.115Z;2;0;0;0
199166168078f1058210fb1ed2f424a0fd37b7cf;2020-11-21T20_31_25.700Z;0;2;3;33
199166168078f1058210fb1ed2f424a0fd37b7cf;2020-11-21T21_08_46.676Z;0;2;3;33
199166168078f1058210fb1ed2f424a0fd37b7cf;2020-11-21T21_09_42.897Z;1;0;0;17
199166168078f1058210fb1ed2f424a0fd37b7cf;2020-11-21T21_28_45.697Z;0;2;3;33
199166168078f1058210fb1ed2f424a0fd37b7cf;2020-11-21T21_31_12.686Z;0;4;7;24
199166168078f1058210fb1ed2f424a0fd37b7cf;2020-11-21T22_26_04.758Z;0;2;2;34
199166168078f1058210fb1ed2f424a0fd37b7cf;2020-11-21T22_38_23.335Z;0;7;7;29
199166168078f1058210fb1ed2f424a0fd37b7cf;2020-11-21T23_13_59.841Z;0;2;2;34
199166168078f1058210fb1ed2f424a0fd37b7cf;2020-11-21T23_49_38.738Z;0;7;7;29
199166168078f1058210fb1ed2f424a0fd37b7cf;2020-11-24T21_16_38.437Z;0;1;1;35
199166168078f1058210fb1ed2f424a0fd37b7cf;2020-11-24T21_29_57.074Z;0;0;0;36
199166168078f1058210fb1ed2f424a0fd37b7cf;2020-11-24T21_48_02.408Z;0;0;0;36
19a941d7bba8f42a286f5249358a6e49d06101cc;2020-11-17T02_59_03.016Z;1;0;0;0
19a941d7bba8f42a286f5249358a6e49d06101cc;2020-11-17T03_22_02.485Z;2;0;0;0
19a941d7bba8f42a286f5249358a6e49d06101cc;2020-11-17T03_27_15.402Z;0;0;0;13
19a941d7bba8f42a286f5249358a6e49d06101cc;2020-11-17T03_28_39.905Z;0;0;0;17
19a941d7bba8f42a286f5249358a6e49d06101cc;2020-11-17T19_53_49.849Z;2;0;0;0
19a941d7bba8f42a286f5249358a6e49d06101cc;2020-11-17T20_31_09.478Z;2;0;0;0
19a941d7bba8f42a286f5249358a6e49d06101cc;2020-11-17T20_59_47.517Z;2;0;0;0
19a941d7bba8f42a286f5249358a6e49d06101cc;2020-11-17T21_22_56.795Z;2;0;0;0
19a941d7bba8f42a286f5249358a6e49d06101cc;2020-11-17T22_19_30.043Z;0;0;13;23
19a941d7bba8f42a286f5249358a6e49d06101cc;2020-11-17T22_49_52.779Z;2;0;0;0
19a941d7bba8f42a286f5249358a6e49d06101cc;2020-11-18T01_20_16.232Z;2;0;0;0
19a941d7bba8f42a286f5249358a6e49d06101cc;2020-11-18T01_58_23.829Z;2;0;0;0
19a941d7bba8f42a286f5249358a6e49d06101cc;2020-11-18T12_50_43.614Z;0;14;15;21
19a941d7bba8f42a286f5249358a6e49d06101cc;2020-11-18T13_15_33.944Z;0;1;10;26
19a941d7bba8f42a286f5249358a6e49d06101cc;2020-11-18T21_02_10.861Z;0;1;9;27
19a941d7bba8f42a286f5249358a6e49d06101cc;2020-11-18T21_32_03.703Z;2;0;0;0
19a941d7bba8f42a286f5249358a6e49d06101cc;2020-11-18T22_12_04.713Z;2;0;0;0
19a941d7bba8f42a286f5249358a6e49d06101cc;2020-11-18T22_39_39.558Z;2;0;0;0
19a941d7bba8f42a286f5249358a6e49d06101cc;2020-11-19T02_01_10.177Z;0;1;8;28
19a941d7bba8f42a286f5249358a6e49d06101cc;2020-11-19T12_32_22.256Z;0;1;4;32
19a941d7bba8f42a286f5249358a6e49d06101cc;2020-11-19T13_05_26.583Z;1;0;0;17
19a941d7bba8f42a286f5249358a6e49d06101cc;2020-11-19T21_31_00.474Z;1;0;0;17
19a941d7bba8f42a286f5249358a6e49d06101cc;2020-11-19T23_37_33.927Z;1;0;0;17
19a941d7bba8f42a286f5249358a6e49d06101cc;2020-11-20T00_36_52.373Z;1;0;0;17
19a941d7bba8f42a286f5249358a6e49d06101cc;2020-11-20T00_54_05.071Z;1;0;0;17
19a941d7bba8f42a286f5249358a6e49d06101cc;2020-11-20T02_52_40.905Z;1;0;0;17
19a941d7bba8f42a286f5249358a6e49d06101cc;2020-11-23T03_40_47.654Z;0;1;4;32
19a941d7bba8f42a286f5249358a6e49d06101cc;2020-11-23T03_43_02.531Z;1;0;0;17
19a941d7bba8f42a286f5249358a6e49d06101cc;2020-11-23T12_46_50.850Z;1;0;0;17
19a941d7bba8f42a286f5249358a6e49d06101cc;2020-11-23T19_26_35.195Z;1;0;0;17
19a941d7bba8f42a286f5249358a6e49d06101cc;2020-11-23T20_00_40.996Z;1;0;0;17
19a941d7bba8f42a286f5249358a6e49d06101cc;2020-11-23T20_36_30.794Z;0;0;13;23
19a941d7bba8f42a286f5249358a6e49d06101cc;2020-11-23T20_53_27.875Z;0;0;13;23
19a941d7bba8f42a286f5249358a6e49d06101cc;2020-11-23T21_11_02.931Z;1;0;0;17
19a941d7bba8f42a286f5249358a6e49d06101cc;2020-11-23T22_42_23.108Z;0;0;13;23
19a941d7bba8f42a286f5249358a6e49d06101cc;2020-11-23T23_21_20.600Z;0;0;13;23
19a941d7bba8f42a286f5249358a6e49d06101cc;2020-11-24T00_07_26.829Z;1;0;0;17
19a941d7bba8f42a286f5249358a6e49d06101cc;2020-11-24T00_45_02.323Z;1;0;0;17
19a941d7bba8f42a286f5249358a6e49d06101cc;2020-11-24T02_08_40.534Z;1;0;0;17
19a941d7bba8f42a286f5249358a6e49d06101cc;2020-11-24T12_10_09.953Z;1;0;0;17
19a941d7bba8f42a286f5249358a6e49d06101cc;2020-11-24T12_55_36.016Z;0;3;13;23
19a941d7bba8f42a286f5249358a6e49d06101cc;2020-11-24T13_48_13.216Z;0;1;11;25
19a941d7bba8f42a286f5249358a6e49d06101cc;2020-11-24T20_06_00.882Z;1;0;0;17
19a941d7bba8f42a286f5249358a6e49d06101cc;2020-11-24T20_23_38.520Z;0;1;9;27
19a941d7bba8f42a286f5249358a6e49d06101cc;2020-11-24T20_53_36.830Z;0;0;0;36
19a941d7bba8f42a286f5249358a6e49d06101cc;2020-11-24T20_58_02.777Z;0;0;8;28
19a941d7bba8f42a286f5249358a6e49d06101cc;2020-11-24T21_23_31.382Z;1;0;0;17
19a941d7bba8f42a286f5249358a6e49d06101cc;2020-11-24T21_42_56.862Z;1;0;0;17
19a941d7bba8f42a286f5249358a6e49d06101cc;2020-11-24T22_38_16.017Z;1;0;0;17
19a941d7bba8f42a286f5249358a6e49d06101cc;2020-11-25T00_44_01.595Z;0;1;5;31
19a941d7bba8f42a286f5249358a6e49d06101cc;2020-11-25T01_18_38.877Z;0;0;0;36
19a941d7bba8f42a286f5249358a6e49d06101cc;2020-11-25T01_25_04.961Z;0;2;5;31
19a941d7bba8f42a286f5249358a6e49d06101cc;2020-11-25T12_46_24.447Z;0;0;0;36
19a941d7bba8f42a286f5249358a6e49d06101cc;2020-11-25T14_51_02.850Z;0;0;0;36
19a941d7bba8f42a286f5249358a6e49d06101cc;2020-11-25T14_51_22.946Z;0;0;0;36
1a676b4c17bf88842f0bb342f6a115f5bf3abba9;2020-11-17T22_32_01.569Z;1;0;0;0
1a676b4c17bf88842f0bb342f6a115f5bf3abba9;2020-11-17T22_34_25.567Z;0;0;0;13
1a676b4c17bf88842f0bb342f6a115f5bf3abba9;2020-11-17T22_36_29.904Z;0;0;13;23
1a676b4c17bf88842f0bb342f6a115f5bf3abba9;2020-11-17T22_43_33.113Z;2;0;0;0
1a676b4c17bf88842f0bb342f6a115f5bf3abba9;2020-11-18T02_23_49.029Z;0;5;5;31
1a676b4c17bf88842f0bb342f6a115f5bf3abba9;2020-11-18T05_06_04.006Z;0;1;12;24
1a676b4c17bf88842f0bb342f6a115f5bf3abba9;2020-11-18T05_22_16.880Z;0;0;11;25
1a676b4c17bf88842f0bb342f6a115f5bf3abba9;2020-11-18T06_25_49.885Z;0;0;11;25
1a676b4c17bf88842f0bb342f6a115f5bf3abba9;2020-11-18T06_41_08.659Z;0;0;11;25
1a676b4c17bf88842f0bb342f6a115f5bf3abba9;2020-11-18T20_14_25.695Z;0;4;11;25
1a676b4c17bf88842f0bb342f6a115f5bf3abba9;2020-11-18T20_34_05.638Z;0;0;0;36
1a676b4c17bf88842f0bb342f6a115f5bf3abba9;2020-11-18T22_02_50.504Z;2;0;0;0
1a676b4c17bf88842f0bb342f6a115f5bf3abba9;2020-11-18T22_15_00.032Z;0;0;0;36
1a676b4c17bf88842f0bb342f6a115f5bf3abba9;2020-11-18T22_31_46.151Z;0;0;13;23
1a676b4c17bf88842f0bb342f6a115f5bf3abba9;2020-11-19T02_35_09.877Z;1;0;0;17
1a676b4c17bf88842f0bb342f6a115f5bf3abba9;2020-11-21T02_34_59.754Z;0;0;13;23
1a676b4c17bf88842f0bb342f6a115f5bf3abba9;2020-11-21T04_38_38.029Z;1;0;0;17
1a676b4c17bf88842f0bb342f6a115f5bf3abba9;2020-11-21T18_47_11.067Z;0;2;8;28
1a676b4c17bf88842f0bb342f6a115f5bf3abba9;2020-11-21T22_18_20.777Z;0;2;8;28
1a676b4c17bf88842f0bb342f6a115f5bf3abba9;2020-11-23T22_15_37.122Z;0;2;8;28
1a676b4c17bf88842f0bb342f6a115f5bf3abba9;2020-11-23T23_16_12.966Z;0;0;6;30
1a676b4c17bf88842f0bb342f6a115f5bf3abba9;2020-11-24T00_56_50.176Z;0;0;6;30
1a676b4c17bf88842f0bb342f6a115f5bf3abba9;2020-11-24T01_26_26.995Z;1;0;0;17
1a676b4c17bf88842f0bb342f6a115f5bf3abba9;2020-11-24T02_12_18.189Z;0;0;0;36
1a676b4c17bf88842f0bb342f6a115f5bf3abba9;2020-11-24T02_14_04.046Z;0;0;0;36
1ad9edc00d9ebb99dd584bc7702d51428456e6db;2020-11-22T21_43_24.024Z;1;0;0;0
1ad9edc00d9ebb99dd584bc7702d51428456e6db;2020-11-22T21_43_53.315Z;2;0;0;0
1ad9edc00d9ebb99dd584bc7702d51428456e6db;2020-11-22T21_44_11.532Z;0;0;0;13
1ad9edc00d9ebb99dd584bc7702d51428456e6db;2020-11-22T21_44_34.543Z;1;0;0;17
1ad9edc00d9ebb99dd584bc7702d51428456e6db;2020-11-22T22_05_48.712Z;2;0;0;0
1ad9edc00d9ebb99dd584bc7702d51428456e6db;2020-11-22T23_04_28.230Z;0;0;13;23
1ad9edc00d9ebb99dd584bc7702d51428456e6db;2020-11-22T23_09_42.807Z;0;12;14;22
1ad9edc00d9ebb99dd584bc7702d51428456e6db;2020-11-23T00_44_19.584Z;2;0;0;0
1ad9edc00d9ebb99dd584bc7702d51428456e6db;2020-11-23T01_02_00.886Z;2;0;0;0
1ad9edc00d9ebb99dd584bc7702d51428456e6db;2020-11-23T16_00_23.615Z;2;0;0;0
1ad9edc00d9ebb99dd584bc7702d51428456e6db;2020-11-23T16_25_10.577Z;2;0;0;0
1ad9edc00d9ebb99dd584bc7702d51428456e6db;2020-11-23T17_16_36.997Z;0;5;8;28
1ad9edc00d9ebb99dd584bc7702d51428456e6db;2020-11-23T18_18_27.467Z;1;0;0;17
1ad9edc00d9ebb99dd584bc7702d51428456e6db;2020-11-23T19_30_51.391Z;0;0;13;23
1ad9edc00d9ebb99dd584bc7702d51428456e6db;2020-11-23T20_26_13.605Z;0;3;7;27
1ad9edc00d9ebb99dd584bc7702d51428456e6db;2020-11-23T21_13_00.103Z;0;3;5;31
1ad9edc00d9ebb99dd584bc7702d51428456e6db;2020-11-23T22_37_01.639Z;1;0;0;17
1ad9edc00d9ebb99dd584bc7702d51428456e6db;2020-11-23T22_59_59.082Z;0;0;13;23
1ad9edc00d9ebb99dd584bc7702d51428456e6db;2020-11-23T23_13_23.664Z;0;0;13;23
1ad9edc00d9ebb99dd584bc7702d51428456e6db;2020-11-23T23_42_33.555Z;0;0;13;23
1ad9edc00d9ebb99dd584bc7702d51428456e6db;2020-11-24T00_11_24.270Z;0;0;13;23
1ad9edc00d9ebb99dd584bc7702d51428456e6db;2020-11-24T01_51_37.335Z;1;0;0;17
1ad9edc00d9ebb99dd584bc7702d51428456e6db;2020-11-24T17_48_24.287Z;0;8;12;24
1ad9edc00d9ebb99dd584bc7702d51428456e6db;2020-11-24T17_49_26.035Z;0;0;0;36
1ad9edc00d9ebb99dd584bc7702d51428456e6db;2020-11-24T20_54_22.194Z;0;8;12;24
1ad9edc00d9ebb99dd584bc7702d51428456e6db;2020-11-24T21_33_36.170Z;0;6;10;26
1ad9edc00d9ebb99dd584bc7702d51428456e6db;2020-11-24T21_38_12.763Z;0;4;5;31
1ad9edc00d9ebb99dd584bc7702d51428456e6db;2020-11-24T22_39_21.367Z;0;6;10;26
1ad9edc00d9ebb99dd584bc7702d51428456e6db;2020-11-25T01_01_21.703Z;1;0;0;17
1ad9edc00d9ebb99dd584bc7702d51428456e6db;2020-11-25T01_23_30.027Z;1;0;0;17
1ad9edc00d9ebb99dd584bc7702d51428456e6db;2020-11-25T01_50_54.093Z;1;0;0;17
1ad9edc00d9ebb99dd584bc7702d51428456e6db;2020-11-25T22_22_31.228Z;0;0;0;36
1ad9edc00d9ebb99dd584bc7702d51428456e6db;2020-11-25T22_25_56.343Z;0;4;5;31
1ad9edc00d9ebb99dd584bc7702d51428456e6db;2020-11-25T22_31_27.525Z;0;6;7;29
1ad9edc00d9ebb99dd584bc7702d51428456e6db;2020-11-25T22_39_19.792Z;0;2;4;32
1ad9edc00d9ebb99dd584bc7702d51428456e6db;2020-11-25T22_46_29.042Z;0;0;1;35
1ad9edc00d9ebb99dd584bc7702d51428456e6db;2020-11-25T22_50_31.450Z;0;2;4;32
1daf3808a0069a2ee28993bb7b4358f05d35d5d4;2020-11-23T03_09_17.654Z;1;0;0;0
1daf3808a0069a2ee28993bb7b4358f05d35d5d4;2020-11-23T03_10_37.289Z;2;0;0;0
1daf3808a0069a2ee28993bb7b4358f05d35d5d4;2020-11-23T03_57_31.101Z;0;0;0;13
1daf3808a0069a2ee28993bb7b4358f05d35d5d4;2020-11-23T03_59_19.342Z;0;0;13;23
1daf3808a0069a2ee28993bb7b4358f05d35d5d4;2020-11-23T04_22_52.840Z;0;12;12;24
1daf3808a0069a2ee28993bb7b4358f05d35d5d4;2020-11-23T04_40_09.715Z;1;0;0;17
1daf3808a0069a2ee28993bb7b4358f05d35d5d4;2020-11-23T20_19_56.584Z;0;0;13;23
1daf3808a0069a2ee28993bb7b4358f05d35d5d4;2020-11-23T20_31_20.242Z;0;1;1;35
1daf3808a0069a2ee28993bb7b4358f05d35d5d4;2020-11-23T21_36_08.491Z;0;1;1;35
1daf3808a0069a2ee28993bb7b4358f05d35d5d4;2020-11-23T21_46_49.985Z;0;3;7;27
1daf3808a0069a2ee28993bb7b4358f05d35d5d4;2020-11-23T22_00_27.920Z;0;1;1;35
1daf3808a0069a2ee28993bb7b4358f05d35d5d4;2020-11-24T05_18_48.598Z;0;4;7;27
1daf3808a0069a2ee28993bb7b4358f05d35d5d4;2020-11-24T20_30_37.190Z;0;4;7;27
1daf3808a0069a2ee28993bb7b4358f05d35d5d4;2020-11-24T21_33_08.810Z;1;0;0;17
1daf3808a0069a2ee28993bb7b4358f05d35d5d4;2020-11-25T04_17_35.356Z;0;1;1;35
1daf3808a0069a2ee28993bb7b4358f05d35d5d4;2020-11-25T04_18_13.156Z;0;3;3;31
1daf3808a0069a2ee28993bb7b4358f05d35d5d4;2020-11-25T20_23_20.295Z;0;1;1;35
1daf3808a0069a2ee28993bb7b4358f05d35d5d4;2020-11-25T20_26_35.004Z;0;3;3;33
1daf3808a0069a2ee28993bb7b4358f05d35d5d4;2020-11-25T20_39_55.061Z;2;0;0;0
1daf3808a0069a2ee28993bb7b4358f05d35d5d4;2020-11-25T20_58_06.466Z;0;0;0;36
1daf3808a0069a2ee28993bb7b4358f05d35d5d4;2020-11-25T21_18_07.728Z;0;2;2;34
1daf3808a0069a2ee28993bb7b4358f05d35d5d4;2020-11-25T21_57_58.652Z;0;0;0;36
1daf3808a0069a2ee28993bb7b4358f05d35d5d4;2020-11-25T22_02_17.448Z;0;2;2;34
1daf3808a0069a2ee28993bb7b4358f05d35d5d4;2020-11-25T22_18_38.914Z;0;0;0;36
20c9374598da999068e755c6651799d960f81954;2020-11-20T22_09_29.346Z;1;0;0;0
20c9374598da999068e755c6651799d960f81954;2020-11-20T23_02_20.123Z;2;0;0;0
20c9374598da999068e755c6651799d960f81954;2020-11-21T00_19_31.591Z;2;0;0;0
20c9374598da999068e755c6651799d960f81954;2020-11-21T07_08_43.282Z;2;0;0;0
20c9374598da999068e755c6651799d960f81954;2020-11-21T07_35_45.614Z;1;6;7;8
20c9374598da999068e755c6651799d960f81954;2020-11-21T08_22_02.823Z;0;12;13;23
20c9374598da999068e755c6651799d960f81954;2020-11-21T16_17_55.212Z;0;0;0;13
20c9374598da999068e755c6651799d960f81954;2020-11-21T16_29_03.645Z;0;0;13;23
20c9374598da999068e755c6651799d960f81954;2020-11-21T16_37_35.326Z;0;1;7;29
20c9374598da999068e755c6651799d960f81954;2020-11-21T19_43_45.077Z;1;0;0;17
20c9374598da999068e755c6651799d960f81954;2020-11-21T20_28_31.404Z;1;0;0;17
20c9374598da999068e755c6651799d960f81954;2020-11-23T21_33_46.726Z;0;1;7;29
20c9374598da999068e755c6651799d960f81954;2020-11-23T21_35_36.894Z;0;0;13;23
20c9374598da999068e755c6651799d960f81954;2020-11-23T22_20_38.993Z;0;4;5;31
20c9374598da999068e755c6651799d960f81954;2020-11-23T22_43_23.121Z;0;0;13;23
20c9374598da999068e755c6651799d960f81954;2020-11-23T23_54_43.915Z;0;2;8;28
20c9374598da999068e755c6651799d960f81954;2020-11-24T00_25_30.493Z;0;0;6;30
20c9374598da999068e755c6651799d960f81954;2020-11-24T00_27_42.729Z;0;0;0;36
20c9374598da999068e755c6651799d960f81954;2020-11-24T16_35_00.053Z;1;0;0;17
20c9374598da999068e755c6651799d960f81954;2020-11-25T18_14_39.452Z;0;0;0;36
20c9374598da999068e755c6651799d960f81954;2020-11-25T23_00_33.510Z;0;0;0;36
20c9374598da999068e755c6651799d960f81954;2020-11-26T03_06_13.914Z;0;0;0;36
20c9374598da999068e755c6651799d960f81954;2020-11-26T03_08_21.634Z;0;0;0;36
20c9374598da999068e755c6651799d960f81954;2020-11-26T03_37_14.810Z;0;0;0;36
20c9374598da999068e755c6651799d960f81954;2020-11-26T03_41_54.497Z;0;0;0;36
20ece659e4a299b8be3c7d42aadc6edbdf358d08;2020-11-20T05_03_02.368Z;1;0;0;0
20ece659e4a299b8be3c7d42aadc6edbdf358d08;2020-11-20T05_05_11.318Z;0;0;15;21
20ece659e4a299b8be3c7d42aadc6edbdf358d08;2020-11-20T05_05_17.332Z;0;0;0;13
20ece659e4a299b8be3c7d42aadc6edbdf358d08;2020-11-20T05_05_45.498Z;1;0;0;17
20ece659e4a299b8be3c7d42aadc6edbdf358d08;2020-11-20T05_40_22.381Z;2;0;0;0
20ece659e4a299b8be3c7d42aadc6edbdf358d08;2020-11-20T05_44_38.320Z;0;0;0;36
20ece659e4a299b8be3c7d42aadc6edbdf358d08;2020-11-20T05_46_15.139Z;0;0;0;36
20ece659e4a299b8be3c7d42aadc6edbdf358d08;2020-11-20T05_47_47.099Z;0;0;0;36
20ece659e4a299b8be3c7d42aadc6edbdf358d08;2020-11-20T05_49_40.850Z;0;0;14;22
20ece659e4a299b8be3c7d42aadc6edbdf358d08;2020-11-20T07_03_29.686Z;0;0;0;36
20ece659e4a299b8be3c7d42aadc6edbdf358d08;2020-11-20T09_53_32.120Z;0;0;7;29
20ece659e4a299b8be3c7d42aadc6edbdf358d08;2020-11-20T10_35_25.102Z;0;0;0;36
20ece659e4a299b8be3c7d42aadc6edbdf358d08;2020-11-20T23_52_58.725Z;0;0;7;29
20ece659e4a299b8be3c7d42aadc6edbdf358d08;2020-11-21T00_49_25.478Z;0;0;4;32
20ece659e4a299b8be3c7d42aadc6edbdf358d08;2020-11-21T01_03_36.232Z;0;0;1;35
20ece659e4a299b8be3c7d42aadc6edbdf358d08;2020-11-21T01_23_44.463Z;0;0;0;36
20ece659e4a299b8be3c7d42aadc6edbdf358d08;2020-11-21T03_13_28.118Z;0;0;0;36
20ece659e4a299b8be3c7d42aadc6edbdf358d08;2020-11-21T03_32_21.069Z;0;0;0;36
20ece659e4a299b8be3c7d42aadc6edbdf358d08;2020-11-21T03_32_24.232Z;0;0;0;36
20ece659e4a299b8be3c7d42aadc6edbdf358d08;2020-11-21T03_32_39.612Z;0;0;0;36
20ece659e4a299b8be3c7d42aadc6edbdf358d08;2020-11-23T23_53_31.766Z;0;0;0;36
20ece659e4a299b8be3c7d42aadc6edbdf358d08;2020-11-24T09_59_54.601Z;0;0;0;36
20ece659e4a299b8be3c7d42aadc6edbdf358d08;2020-11-24T10_01_03.280Z;0;0;0;36
20ece659e4a299b8be3c7d42aadc6edbdf358d08;2020-11-25T02_18_35.556Z;0;0;0;36
20ece659e4a299b8be3c7d42aadc6edbdf358d08;2020-11-25T03_04_09.874Z;0;0;0;36
20ece659e4a299b8be3c7d42aadc6edbdf358d08;2020-11-25T03_55_41.667Z;0;0;0;36
20ece659e4a299b8be3c7d42aadc6edbdf358d08;2020-11-25T22_05_59.882Z;0;0;0;36
20ece659e4a299b8be3c7d42aadc6edbdf358d08;2020-11-25T22_16_40.356Z;0;0;0;36
20ece659e4a299b8be3c7d42aadc6edbdf358d08;2020-11-25T22_53_53.633Z;0;0;0;36
20ece659e4a299b8be3c7d42aadc6edbdf358d08;2020-11-25T22_54_56.817Z;0;0;0;36
21dab4c1463f923623b244ac4c19f58c41bc46bc;2020-11-18T00_56_28.493Z;0;0;0;36
21dab4c1463f923623b244ac4c19f58c41bc46bc;2020-11-18T00_56_29.768Z;0;0;0;36
21dab4c1463f923623b244ac4c19f58c41bc46bc;2020-11-18T00_56_40.406Z;0;0;0;36
21dab4c1463f923623b244ac4c19f58c41bc46bc;2020-11-18T01_07_44.104Z;0;0;0;36
21dab4c1463f923623b244ac4c19f58c41bc46bc;2020-11-18T01_07_59.242Z;0;0;0;13
21dab4c1463f923623b244ac4c19f58c41bc46bc;2020-11-18T01_08_50.857Z;0;0;0;36
21dab4c1463f923623b244ac4c19f58c41bc46bc;2020-11-18T01_09_18.429Z;0;0;0;36
21dab4c1463f923623b244ac4c19f58c41bc46bc;2020-11-18T01_09_29.250Z;0;0;0;36
21dab4c1463f923623b244ac4c19f58c41bc46bc;2020-11-18T01_10_35.008Z;0;0;0;36
21dab4c1463f923623b244ac4c19f58c41bc46bc;2020-11-18T01_10_35.018Z;0;0;0;36
21dab4c1463f923623b244ac4c19f58c41bc46bc;2020-11-18T01_10_43.268Z;1;0;0;17
21dab4c1463f923623b244ac4c19f58c41bc46bc;2020-11-18T01_20_49.935Z;0;0;0;36
21dab4c1463f923623b244ac4c19f58c41bc46bc;2020-11-18T01_20_57.021Z;2;0;0;0
21dab4c1463f923623b244ac4c19f58c41bc46bc;2020-11-18T01_44_37.366Z;1;0;0;17
21dab4c1463f923623b244ac4c19f58c41bc46bc;2020-11-18T01_59_49.677Z;1;0;0;17
21dab4c1463f923623b244ac4c19f58c41bc46bc;2020-11-18T02_30_09.442Z;0;0;14;22
21dab4c1463f923623b244ac4c19f58c41bc46bc;2020-11-18T02_56_58.388Z;0;0;16;20
21dab4c1463f923623b244ac4c19f58c41bc46bc;2020-11-18T03_45_05.144Z;0;20;20;16
21dab4c1463f923623b244ac4c19f58c41bc46bc;2020-11-18T03_57_13.538Z;0;20;20;16
21dab4c1463f923623b244ac4c19f58c41bc46bc;2020-11-18T13_24_42.353Z;0;2;6;30
21dab4c1463f923623b244ac4c19f58c41bc46bc;2020-11-23T01_12_10.682Z;2;0;0;0
21dab4c1463f923623b244ac4c19f58c41bc46bc;2020-11-23T02_42_07.571Z;0;2;6;30
21dab4c1463f923623b244ac4c19f58c41bc46bc;2020-11-23T02_43_37.050Z;0;0;14;22
21dab4c1463f923623b244ac4c19f58c41bc46bc;2020-11-23T03_00_14.534Z;0;0;14;22
21dab4c1463f923623b244ac4c19f58c41bc46bc;2020-11-23T06_00_50.389Z;0;2;8;28
21dab4c1463f923623b244ac4c19f58c41bc46bc;2020-11-23T16_15_36.292Z;0;2;8;28
21dab4c1463f923623b244ac4c19f58c41bc46bc;2020-11-23T17_05_42.614Z;0;4;8;28
21dab4c1463f923623b244ac4c19f58c41bc46bc;2020-11-23T20_17_38.752Z;0;2;4;32
21dab4c1463f923623b244ac4c19f58c41bc46bc;2020-11-23T20_50_49.275Z;0;0;0;36
21dab4c1463f923623b244ac4c19f58c41bc46bc;2020-11-23T21_13_52.434Z;0;0;2;34
21dab4c1463f923623b244ac4c19f58c41bc46bc;2020-11-23T21_45_26.040Z;0;0;0;36
21dab4c1463f923623b244ac4c19f58c41bc46bc;2020-11-23T21_55_39.956Z;0;0;0;36
21dab4c1463f923623b244ac4c19f58c41bc46bc;2020-11-23T22_18_10.287Z;0;0;0;36
21dab4c1463f923623b244ac4c19f58c41bc46bc;2020-11-23T22_25_03.345Z;0;0;0;36
21dab4c1463f923623b244ac4c19f58c41bc46bc;2020-11-24T00_11_21.624Z;0;0;0;36
21dab4c1463f923623b244ac4c19f58c41bc46bc;2020-11-24T00_28_37.148Z;0;0;0;36
21dab4c1463f923623b244ac4c19f58c41bc46bc;2020-11-24T22_34_37.553Z;0;0;0;36
21dab4c1463f923623b244ac4c19f58c41bc46bc;2020-11-24T22_38_15.778Z;0;0;0;36
21dab4c1463f923623b244ac4c19f58c41bc46bc;2020-11-24T23_40_25.919Z;0;0;0;36
21dab4c1463f923623b244ac4c19f58c41bc46bc;2020-11-25T00_13_37.581Z;1;0;0;17
21dab4c1463f923623b244ac4c19f58c41bc46bc;2020-11-25T00_22_12.263Z;0;0;0;36
21dab4c1463f923623b244ac4c19f58c41bc46bc;2020-11-25T00_47_00.246Z;1;0;0;17
21dab4c1463f923623b244ac4c19f58c41bc46bc;2020-11-25T00_56_28.759Z;0;0;0;36
21dab4c1463f923623b244ac4c19f58c41bc46bc;2020-11-25T02_23_01.608Z;1;0;0;17
21dab4c1463f923623b244ac4c19f58c41bc46bc;2020-11-25T02_24_45.188Z;0;0;0;36
21dab4c1463f923623b244ac4c19f58c41bc46bc;2020-11-25T02_40_28.077Z;0;0;0;36
21dab4c1463f923623b244ac4c19f58c41bc46bc;2020-11-25T02_41_03.476Z;1;0;0;17
21dab4c1463f923623b244ac4c19f58c41bc46bc;2020-11-26T00_16_22.375Z;0;0;0;36
21dab4c1463f923623b244ac4c19f58c41bc46bc;2020-11-26T00_35_16.625Z;0;0;0;36
21dab4c1463f923623b244ac4c19f58c41bc46bc;2020-11-26T00_55_58.365Z;0;0;0;36
21dab4c1463f923623b244ac4c19f58c41bc46bc;2020-11-26T01_00_29.936Z;0;0;0;36
223e47f9cba0cfb0c1fd36160189bdcdd5fb3ae0;2020-11-17T20_53_18.926Z;1;0;0;0
223e47f9cba0cfb0c1fd36160189bdcdd5fb3ae0;2020-11-17T20_56_13.275Z;0;0;0;13
223e47f9cba0cfb0c1fd36160189bdcdd5fb3ae0;2020-11-17T20_57_54.953Z;1;0;0;17
223e47f9cba0cfb0c1fd36160189bdcdd5fb3ae0;2020-11-17T21_11_07.700Z;2;0;0;0
223e47f9cba0cfb0c1fd36160189bdcdd5fb3ae0;2020-11-17T23_33_39.266Z;2;0;0;0
223e47f9cba0cfb0c1fd36160189bdcdd5fb3ae0;2020-11-17T23_56_40.795Z;2;0;0;0
223e47f9cba0cfb0c1fd36160189bdcdd5fb3ae0;2020-11-18T00_31_11.324Z;0;1;13;23
223e47f9cba0cfb0c1fd36160189bdcdd5fb3ae0;2020-11-18T00_59_09.071Z;0;11;13;23
223e47f9cba0cfb0c1fd36160189bdcdd5fb3ae0;2020-11-18T21_43_18.824Z;0;5;6;30
223e47f9cba0cfb0c1fd36160189bdcdd5fb3ae0;2020-11-19T01_59_57.110Z;1;0;0;17
223e47f9cba0cfb0c1fd36160189bdcdd5fb3ae0;2020-11-19T03_54_23.018Z;0;0;7;29
223e47f9cba0cfb0c1fd36160189bdcdd5fb3ae0;2020-11-19T03_57_14.206Z;0;5;6;30
223e47f9cba0cfb0c1fd36160189bdcdd5fb3ae0;2020-11-19T06_06_44.690Z;0;1;3;33
223e47f9cba0cfb0c1fd36160189bdcdd5fb3ae0;2020-11-19T06_39_20.503Z;0;0;6;30
223e47f9cba0cfb0c1fd36160189bdcdd5fb3ae0;2020-11-19T22_17_54.748Z;0;1;3;33
223e47f9cba0cfb0c1fd36160189bdcdd5fb3ae0;2020-11-19T22_19_08.311Z;1;0;0;17
223e47f9cba0cfb0c1fd36160189bdcdd5fb3ae0;2020-11-19T22_39_51.060Z;0;1;3;33
223e47f9cba0cfb0c1fd36160189bdcdd5fb3ae0;2020-11-19T23_07_07.203Z;0;0;0;36
223e47f9cba0cfb0c1fd36160189bdcdd5fb3ae0;2020-11-19T23_17_07.971Z;0;0;0;36
223e47f9cba0cfb0c1fd36160189bdcdd5fb3ae0;2020-11-19T23_17_37.569Z;0;0;0;36
223e47f9cba0cfb0c1fd36160189bdcdd5fb3ae0;2020-11-19T23_21_07.933Z;0;0;0;36
223e47f9cba0cfb0c1fd36160189bdcdd5fb3ae0;2020-11-19T23_29_55.690Z;0;0;0;36
223e47f9cba0cfb0c1fd36160189bdcdd5fb3ae0;2020-11-19T23_43_46.985Z;0;0;0;36
223e47f9cba0cfb0c1fd36160189bdcdd5fb3ae0;2020-11-19T23_55_20.738Z;0;0;0;36
223e47f9cba0cfb0c1fd36160189bdcdd5fb3ae0;2020-11-20T00_13_37.461Z;0;0;2;34
223e47f9cba0cfb0c1fd36160189bdcdd5fb3ae0;2020-11-20T00_14_33.027Z;0;0;0;36
223e47f9cba0cfb0c1fd36160189bdcdd5fb3ae0;2020-11-20T01_11_32.258Z;0;0;0;36
223e47f9cba0cfb0c1fd36160189bdcdd5fb3ae0;2020-11-22T01_02_08.038Z;2;0;0;0
223e47f9cba0cfb0c1fd36160189bdcdd5fb3ae0;2020-11-22T23_18_26.475Z;0;0;0;36
223e47f9cba0cfb0c1fd36160189bdcdd5fb3ae0;2020-11-22T23_25_27.216Z;0;0;0;36
24d8a641417c3d9b096f69b4afc2f647c5dc1265;2020-11-18T05_53_06.455Z;1;0;0;0
24d8a641417c3d9b096f69b4afc2f647c5dc1265;2020-11-21T23_10_30.651Z;2;0;0;0
24d8a641417c3d9b096f69b4afc2f647c5dc1265;2020-11-21T23_10_44.238Z;0;0;0;13
24d8a641417c3d9b096f69b4afc2f647c5dc1265;2020-11-21T23_11_24.912Z;1;0;0;17
24d8a641417c3d9b096f69b4afc2f647c5dc1265;2020-11-21T23_27_15.700Z;2;0;0;0
24d8a641417c3d9b096f69b4afc2f647c5dc1265;2020-11-22T01_44_33.030Z;2;0;0;0
24d8a641417c3d9b096f69b4afc2f647c5dc1265;2020-11-22T02_07_29.413Z;2;0;0;0
24d8a641417c3d9b096f69b4afc2f647c5dc1265;2020-11-22T03_44_29.211Z;2;0;0;0
24d8a641417c3d9b096f69b4afc2f647c5dc1265;2020-11-22T04_26_10.537Z;0;0;0;13
24d8a641417c3d9b096f69b4afc2f647c5dc1265;2020-11-22T04_26_22.424Z;0;0;0;36
24d8a641417c3d9b096f69b4afc2f647c5dc1265;2020-11-22T04_27_06.237Z;0;0;0;36
24d8a641417c3d9b096f69b4afc2f647c5dc1265;2020-11-22T04_28_09.632Z;0;0;0;36
24d8a641417c3d9b096f69b4afc2f647c5dc1265;2020-11-22T04_28_13.420Z;0;0;0;36
24d8a641417c3d9b096f69b4afc2f647c5dc1265;2020-11-22T04_29_18.568Z;0;11;12;24
24d8a641417c3d9b096f69b4afc2f647c5dc1265;2020-11-24T00_03_50.134Z;0;0;2;34
24d8a641417c3d9b096f69b4afc2f647c5dc1265;2020-11-24T05_19_11.816Z;0;0;2;34
24d8a641417c3d9b096f69b4afc2f647c5dc1265;2020-11-24T05_19_40.414Z;1;0;0;17
24d8a641417c3d9b096f69b4afc2f647c5dc1265;2020-11-26T01_31_34.843Z;1;0;0;17
24d8a641417c3d9b096f69b4afc2f647c5dc1265;2020-11-26T02_16_02.620Z;1;0;0;17
24d8a641417c3d9b096f69b4afc2f647c5dc1265;2020-11-26T03_04_41.514Z;1;0;0;17
24d8a641417c3d9b096f69b4afc2f647c5dc1265;2020-11-26T17_58_22.396Z;1;0;0;17
24d8a641417c3d9b096f69b4afc2f647c5dc1265;2020-11-26T19_11_22.875Z;1;0;0;17
24d8a641417c3d9b096f69b4afc2f647c5dc1265;2020-11-26T21_33_26.664Z;1;0;0;17
24d8a641417c3d9b096f69b4afc2f647c5dc1265;2020-11-26T21_58_38.649Z;1;0;0;17
24d8a641417c3d9b096f69b4afc2f647c5dc1265;2020-11-26T22_08_53.247Z;1;0;0;17
24d8a641417c3d9b096f69b4afc2f647c5dc1265;2020-11-26T22_20_03.567Z;1;0;0;17
24d8a641417c3d9b096f69b4afc2f647c5dc1265;2020-11-26T23_10_16.827Z;0;4;4;22
24d8a641417c3d9b096f69b4afc2f647c5dc1265;2020-11-26T23_45_35.850Z;0;6;8;28
24d8a641417c3d9b096f69b4afc2f647c5dc1265;2020-11-27T02_42_15.979Z;0;0;0;36
24d8a641417c3d9b096f69b4afc2f647c5dc1265;2020-11-27T03_38_35.295Z;0;0;0;36
250f90922642dce6892783fe11a3cbaf5e917cb1;2020-11-14T05_44_35.357Z;0;0;0;36
250f90922642dce6892783fe11a3cbaf5e917cb1;2020-11-14T05_44_38.515Z;0;0;0;36
250f90922642dce6892783fe11a3cbaf5e917cb1;2020-11-14T05_47_37.109Z;1;0;0;0
250f90922642dce6892783fe11a3cbaf5e917cb1;2020-11-14T06_34_55.654Z;0;0;0;36
250f90922642dce6892783fe11a3cbaf5e917cb1;2020-11-14T07_40_53.625Z;0;9;9;27
250f90922642dce6892783fe11a3cbaf5e917cb1;2020-11-14T07_44_45.492Z;0;0;0;36
250f90922642dce6892783fe11a3cbaf5e917cb1;2020-11-14T07_47_40.146Z;0;0;0;36
250f90922642dce6892783fe11a3cbaf5e917cb1;2020-11-14T07_47_52.933Z;0;0;0;36
250f90922642dce6892783fe11a3cbaf5e917cb1;2020-11-14T07_47_55.153Z;0;0;0;36
250f90922642dce6892783fe11a3cbaf5e917cb1;2020-11-14T08_10_56.760Z;0;0;0;36
250f90922642dce6892783fe11a3cbaf5e917cb1;2020-11-14T08_32_36.044Z;0;0;0;36
250f90922642dce6892783fe11a3cbaf5e917cb1;2020-11-14T08_53_38.852Z;0;0;0;13
250f90922642dce6892783fe11a3cbaf5e917cb1;2020-11-14T08_55_05.588Z;2;0;0;0
250f90922642dce6892783fe11a3cbaf5e917cb1;2020-11-14T09_19_54.031Z;0;9;9;27
250f90922642dce6892783fe11a3cbaf5e917cb1;2020-11-14T09_48_31.185Z;0;2;8;28
250f90922642dce6892783fe11a3cbaf5e917cb1;2020-11-14T09_49_37.041Z;0;9;9;27
250f90922642dce6892783fe11a3cbaf5e917cb1;2020-11-14T21_24_02.121Z;0;2;8;28
250f90922642dce6892783fe11a3cbaf5e917cb1;2020-11-14T23_18_24.094Z;0;0;0;36
250f90922642dce6892783fe11a3cbaf5e917cb1;2020-11-14T23_19_59.181Z;0;0;0;36
250f90922642dce6892783fe11a3cbaf5e917cb1;2020-11-14T23_44_04.335Z;0;6;6;30
250f90922642dce6892783fe11a3cbaf5e917cb1;2020-11-14T23_44_42.043Z;0;0;0;36
250f90922642dce6892783fe11a3cbaf5e917cb1;2020-11-14T23_55_25.559Z;0;0;0;36
250f90922642dce6892783fe11a3cbaf5e917cb1;2020-11-15T00_03_23.623Z;0;0;0;36
250f90922642dce6892783fe11a3cbaf5e917cb1;2020-11-15T00_04_31.395Z;0;0;0;36
250f90922642dce6892783fe11a3cbaf5e917cb1;2020-11-15T00_16_22.037Z;0;0;0;36
250f90922642dce6892783fe11a3cbaf5e917cb1;2020-11-19T05_02_42.002Z;0;0;0;36
25fe012692240da59936ab2cd702848f6ab41d7f;2020-11-21T20_26_40.831Z;0;0;0;36
25fe012692240da59936ab2cd702848f6ab41d7f;2020-11-21T20_26_45.379Z;0;0;0;36
25fe012692240da59936ab2cd702848f6ab41d7f;2020-11-21T20_26_54.713Z;0;0;0;36
25fe012692240da59936ab2cd702848f6ab41d7f;2020-11-21T20_29_59.958Z;1;0;0;0
25fe012692240da59936ab2cd702848f6ab41d7f;2020-11-21T20_30_09.635Z;0;0;0;13
25fe012692240da59936ab2cd702848f6ab41d7f;2020-11-21T20_57_11.433Z;1;1;1;7
25fe012692240da59936ab2cd702848f6ab41d7f;2020-11-21T21_01_24.594Z;0;0;0;17
25fe012692240da59936ab2cd702848f6ab41d7f;2020-11-21T22_33_37.326Z;2;0;0;0
25fe012692240da59936ab2cd702848f6ab41d7f;2020-11-21T23_05_25.941Z;2;0;0;0
25fe012692240da59936ab2cd702848f6ab41d7f;2020-11-22T00_53_23.478Z;0;0;0;17
25fe012692240da59936ab2cd702848f6ab41d7f;2020-11-22T01_01_13.242Z;2;0;0;0
25fe012692240da59936ab2cd702848f6ab41d7f;2020-11-22T03_59_45.330Z;1;0;0;17
25fe012692240da59936ab2cd702848f6ab41d7f;2020-11-23T01_44_18.309Z;1;0;0;17
25fe012692240da59936ab2cd702848f6ab41d7f;2020-11-23T15_01_42.497Z;1;0;0;17
25fe012692240da59936ab2cd702848f6ab41d7f;2020-11-23T15_56_01.528Z;0;2;4;32
25fe012692240da59936ab2cd702848f6ab41d7f;2020-11-23T15_56_51.690Z;0;2;2;34
25fe012692240da59936ab2cd702848f6ab41d7f;2020-11-23T16_10_33.014Z;0;0;0;36
25fe012692240da59936ab2cd702848f6ab41d7f;2020-11-23T16_10_33.207Z;0;0;0;36
25fe012692240da59936ab2cd702848f6ab41d7f;2020-11-23T16_10_33.215Z;0;0;0;36
25fe012692240da59936ab2cd702848f6ab41d7f;2020-11-23T16_16_41.664Z;0;2;2;34
25fe012692240da59936ab2cd702848f6ab41d7f;2020-11-23T16_16_59.606Z;0;2;4;32
25fe012692240da59936ab2cd702848f6ab41d7f;2020-11-23T16_41_49.083Z;0;1;6;30
25fe012692240da59936ab2cd702848f6ab41d7f;2020-11-23T16_45_08.258Z;0;2;3;33
25fe012692240da59936ab2cd702848f6ab41d7f;2020-11-23T16_54_40.404Z;0;1;6;30
25fe012692240da59936ab2cd702848f6ab41d7f;2020-11-23T17_59_18.904Z;0;1;6;30
25fe012692240da59936ab2cd702848f6ab41d7f;2020-11-23T18_27_26.758Z;0;1;1;35
25fe012692240da59936ab2cd702848f6ab41d7f;2020-11-23T18_27_26.771Z;0;0;0;36
25fe012692240da59936ab2cd702848f6ab41d7f;2020-11-23T18_27_26.781Z;0;1;6;30
25fe012692240da59936ab2cd702848f6ab41d7f;2020-11-23T19_17_30.723Z;0;0;4;32
25fe012692240da59936ab2cd702848f6ab41d7f;2020-11-23T19_32_31.156Z;0;1;1;35
25fe012692240da59936ab2cd702848f6ab41d7f;2020-11-23T19_57_27.282Z;0;1;1;35
25fe012692240da59936ab2cd702848f6ab41d7f;2020-11-23T20_39_18.273Z;0;0;0;36
25fe012692240da59936ab2cd702848f6ab41d7f;2020-11-23T21_20_09.942Z;0;1;1;35
25fe012692240da59936ab2cd702848f6ab41d7f;2020-11-23T21_52_50.134Z;0;1;1;35
25fe012692240da59936ab2cd702848f6ab41d7f;2020-11-23T22_16_25.868Z;0;2;2;34
25fe012692240da59936ab2cd702848f6ab41d7f;2020-11-25T02_21_11.065Z;0;1;1;35
260bb5e515632f23d4a975dca9caff206e84bb87;2020-11-17T00_55_30.626Z;1;0;0;0
260bb5e515632f23d4a975dca9caff206e84bb87;2020-11-17T00_55_41.193Z;0;0;0;13
260bb5e515632f23d4a975dca9caff206e84bb87;2020-11-17T00_55_59.116Z;0;0;0;36
260bb5e515632f23d4a975dca9caff206e84bb87;2020-11-17T00_57_06.612Z;1;0;0;0
260bb5e515632f23d4a975dca9caff206e84bb87;2020-11-17T00_57_16.297Z;0;0;0;17
260bb5e515632f23d4a975dca9caff206e84bb87;2020-11-18T05_17_48.363Z;2;0;0;0
260bb5e515632f23d4a975dca9caff206e84bb87;2020-11-18T05_47_57.076Z;2;0;0;0
260bb5e515632f23d4a975dca9caff206e84bb87;2020-11-21T00_32_58.856Z;0;0;15;21
260bb5e515632f23d4a975dca9caff206e84bb87;2020-11-21T01_06_13.709Z;0;5;5;31
260bb5e515632f23d4a975dca9caff206e84bb87;2020-11-21T02_18_07.110Z;0;1;1;35
260bb5e515632f23d4a975dca9caff206e84bb87;2020-11-21T03_23_36.300Z;0;0;15;21
260bb5e515632f23d4a975dca9caff206e84bb87;2020-11-21T05_15_43.445Z;0;2;11;25
260bb5e515632f23d4a975dca9caff206e84bb87;2020-11-24T04_17_22.678Z;2;0;0;0
260bb5e515632f23d4a975dca9caff206e84bb87;2020-11-24T04_35_36.822Z;0;0;0;36
260bb5e515632f23d4a975dca9caff206e84bb87;2020-11-24T04_49_54.975Z;0;1;1;35
260bb5e515632f23d4a975dca9caff206e84bb87;2020-11-24T04_53_33.995Z;1;0;0;17
260bb5e515632f23d4a975dca9caff206e84bb87;2020-11-24T08_11_02.372Z;0;4;8;28
260bb5e515632f23d4a975dca9caff206e84bb87;2020-11-24T08_22_12.165Z;0;4;5;31
260bb5e515632f23d4a975dca9caff206e84bb87;2020-11-24T08_29_39.736Z;0;1;1;35
260bb5e515632f23d4a975dca9caff206e84bb87;2020-11-24T09_03_37.477Z;1;0;0;17
260bb5e515632f23d4a975dca9caff206e84bb87;2020-11-24T09_10_36.687Z;0;0;0;36
260bb5e515632f23d4a975dca9caff206e84bb87;2020-11-24T09_17_59.542Z;0;3;3;33
260bb5e515632f23d4a975dca9caff206e84bb87;2020-11-24T11_13_24.152Z;0;3;3;33
260bb5e515632f23d4a975dca9caff206e84bb87;2020-11-24T11_29_28.462Z;0;1;1;35
260bb5e515632f23d4a975dca9caff206e84bb87;2020-11-24T11_40_37.538Z;0;0;0;36
260bb5e515632f23d4a975dca9caff206e84bb87;2020-11-24T11_41_16.522Z;0;0;0;36
260bb5e515632f23d4a975dca9caff206e84bb87;2020-11-24T11_46_45.225Z;2;0;0;0
260bb5e515632f23d4a975dca9caff206e84bb87;2020-11-24T12_13_29.314Z;0;0;0;36
260bb5e515632f23d4a975dca9caff206e84bb87;2020-11-24T12_15_27.444Z;0;1;1;35
260bb5e515632f23d4a975dca9caff206e84bb87;2020-11-24T13_01_00.124Z;0;0;1;35
260bb5e515632f23d4a975dca9caff206e84bb87;2020-11-24T13_16_39.277Z;0;0;1;35
260bb5e515632f23d4a975dca9caff206e84bb87;2020-11-25T02_43_54.937Z;0;0;0;36
26455cd1ecb5229a5e1d69f5c4c845da30ed54c9;2020-11-18T20_47_14.915Z;1;0;0;0
26455cd1ecb5229a5e1d69f5c4c845da30ed54c9;2020-11-18T20_47_24.089Z;0;0;0;13
26455cd1ecb5229a5e1d69f5c4c845da30ed54c9;2020-11-23T13_02_25.699Z;0;0;15;21
26455cd1ecb5229a5e1d69f5c4c845da30ed54c9;2020-11-23T13_04_15.441Z;2;0;0;0
26455cd1ecb5229a5e1d69f5c4c845da30ed54c9;2020-11-23T15_36_22.101Z;0;2;5;31
26455cd1ecb5229a5e1d69f5c4c845da30ed54c9;2020-11-23T16_25_04.229Z;0;2;5;31
26455cd1ecb5229a5e1d69f5c4c845da30ed54c9;2020-11-23T16_59_46.700Z;1;0;0;17
26455cd1ecb5229a5e1d69f5c4c845da30ed54c9;2020-11-23T18_10_25.969Z;0;0;7;29
26455cd1ecb5229a5e1d69f5c4c845da30ed54c9;2020-11-23T21_08_24.015Z;0;2;5;31
26455cd1ecb5229a5e1d69f5c4c845da30ed54c9;2020-11-23T21_47_17.952Z;0;2;3;33
26455cd1ecb5229a5e1d69f5c4c845da30ed54c9;2020-11-24T13_57_18.884Z;0;2;5;31
26455cd1ecb5229a5e1d69f5c4c845da30ed54c9;2020-11-24T14_21_58.918Z;0;2;5;31
26455cd1ecb5229a5e1d69f5c4c845da30ed54c9;2020-11-24T14_33_21.433Z;0;0;0;36
26455cd1ecb5229a5e1d69f5c4c845da30ed54c9;2020-11-24T15_13_16.346Z;0;0;0;36
26455cd1ecb5229a5e1d69f5c4c845da30ed54c9;2020-11-24T15_13_43.888Z;0;2;2;34
26455cd1ecb5229a5e1d69f5c4c845da30ed54c9;2020-11-24T15_56_21.733Z;0;0;0;36
270e0b07846ed7becbdb27ff75dffe53de21d3e0;2020-11-23T06_04_12.597Z;0;0;0;36
270e0b07846ed7becbdb27ff75dffe53de21d3e0;2020-11-23T06_04_38.546Z;0;0;0;36
270e0b07846ed7becbdb27ff75dffe53de21d3e0;2020-11-23T06_04_53.844Z;2;0;0;0
270e0b07846ed7becbdb27ff75dffe53de21d3e0;2020-11-23T06_06_10.369Z;0;0;0;13
270e0b07846ed7becbdb27ff75dffe53de21d3e0;2020-11-23T06_14_24.625Z;1;0;0;17
270e0b07846ed7becbdb27ff75dffe53de21d3e0;2020-11-23T06_38_42.797Z;0;0;13;23
270e0b07846ed7becbdb27ff75dffe53de21d3e0;2020-11-23T06_49_50.906Z;2;0;0;0
270e0b07846ed7becbdb27ff75dffe53de21d3e0;2020-11-24T01_28_03.941Z;0;12;12;24
270e0b07846ed7becbdb27ff75dffe53de21d3e0;2020-11-24T03_24_27.747Z;0;11;11;25
270e0b07846ed7becbdb27ff75dffe53de21d3e0;2020-11-24T05_58_48.585Z;2;0;0;0
270e0b07846ed7becbdb27ff75dffe53de21d3e0;2020-11-24T20_38_15.469Z;0;1;5;31
270e0b07846ed7becbdb27ff75dffe53de21d3e0;2020-11-24T23_52_02.907Z;0;1;1;35
270e0b07846ed7becbdb27ff75dffe53de21d3e0;2020-11-25T01_41_40.621Z;0;1;9;27
270e0b07846ed7becbdb27ff75dffe53de21d3e0;2020-11-25T03_17_33.588Z;0;4;10;26
270e0b07846ed7becbdb27ff75dffe53de21d3e0;2020-11-25T04_01_14.911Z;0;4;10;26
270e0b07846ed7becbdb27ff75dffe53de21d3e0;2020-11-25T23_40_58.019Z;1;0;0;17
270e0b07846ed7becbdb27ff75dffe53de21d3e0;2020-11-26T00_25_45.154Z;0;1;1;35
270e0b07846ed7becbdb27ff75dffe53de21d3e0;2020-11-26T00_33_00.416Z;0;0;0;36
270e0b07846ed7becbdb27ff75dffe53de21d3e0;2020-11-26T00_54_59.933Z;0;0;0;36
270e0b07846ed7becbdb27ff75dffe53de21d3e0;2020-11-26T01_10_04.573Z;0;0;0;36
270e0b07846ed7becbdb27ff75dffe53de21d3e0;2020-11-26T01_11_15.859Z;0;0;0;36
270e0b07846ed7becbdb27ff75dffe53de21d3e0;2020-11-26T02_01_57.945Z;0;0;0;36
270e0b07846ed7becbdb27ff75dffe53de21d3e0;2020-11-26T02_16_58.677Z;0;0;0;36
270e0b07846ed7becbdb27ff75dffe53de21d3e0;2021-03-31T21_16_00.670Z;0;0;0;36
277a52b85746c8b6ed956104bcc81523056b5633;2020-11-23T16_51_50.242Z;0;0;0;36
277a52b85746c8b6ed956104bcc81523056b5633;2020-11-23T16_51_58.354Z;0;0;0;36
277a52b85746c8b6ed956104bcc81523056b5633;2020-11-23T16_52_18.261Z;0;0;0;36
277a52b85746c8b6ed956104bcc81523056b5633;2020-11-24T01_25_11.469Z;1;0;0;0
277a52b85746c8b6ed956104bcc81523056b5633;2020-11-24T01_35_04.741Z;0;0;0;13
277a52b85746c8b6ed956104bcc81523056b5633;2020-11-24T01_35_12.518Z;0;0;0;17
277a52b85746c8b6ed956104bcc81523056b5633;2020-11-24T01_35_23.731Z;0;0;0;36
277a52b85746c8b6ed956104bcc81523056b5633;2020-11-24T01_35_32.124Z;0;0;0;36
277a52b85746c8b6ed956104bcc81523056b5633;2020-11-24T02_01_36.903Z;0;10;12;23
277a52b85746c8b6ed956104bcc81523056b5633;2020-11-24T03_06_10.871Z;0;4;8;27
277a52b85746c8b6ed956104bcc81523056b5633;2020-11-24T03_55_31.302Z;0;2;5;30
277a52b85746c8b6ed956104bcc81523056b5633;2020-11-24T04_26_37.066Z;0;0;0;36
277a52b85746c8b6ed956104bcc81523056b5633;2020-11-24T04_26_37.076Z;0;0;0;17
277a52b85746c8b6ed956104bcc81523056b5633;2020-11-24T04_26_37.084Z;0;0;0;36
277a52b85746c8b6ed956104bcc81523056b5633;2020-11-24T04_26_37.107Z;0;0;0;36
277a52b85746c8b6ed956104bcc81523056b5633;2020-11-24T04_30_29.465Z;0;0;0;36
277a52b85746c8b6ed956104bcc81523056b5633;2020-11-24T22_11_13.369Z;1;0;0;17
277a52b85746c8b6ed956104bcc81523056b5633;2020-11-24T22_54_58.523Z;0;0;0;36
277a52b85746c8b6ed956104bcc81523056b5633;2020-11-24T22_57_05.779Z;0;0;0;36
277a52b85746c8b6ed956104bcc81523056b5633;2020-11-24T22_57_20.640Z;0;0;0;36
277a52b85746c8b6ed956104bcc81523056b5633;2020-11-24T23_04_59.213Z;0;0;0;36
277a52b85746c8b6ed956104bcc81523056b5633;2020-11-25T17_11_48.441Z;0;0;0;36
277a52b85746c8b6ed956104bcc81523056b5633;2020-11-25T17_24_12.551Z;0;0;0;36
2892d3dbc857f6742361415ebd37d0dde3eeb077;2020-11-18T05_32_21.322Z;1;0;0;0
2892d3dbc857f6742361415ebd37d0dde3eeb077;2020-11-18T05_32_27.999Z;2;0;0;0
2892d3dbc857f6742361415ebd37d0dde3eeb077;2020-11-18T05_32_52.050Z;0;0;0;13
2892d3dbc857f6742361415ebd37d0dde3eeb077;2020-11-18T05_32_58.134Z;1;0;0;17
2892d3dbc857f6742361415ebd37d0dde3eeb077;2020-11-18T05_35_37.347Z;0;0;0;36
2892d3dbc857f6742361415ebd37d0dde3eeb077;2020-11-18T05_36_01.625Z;0;0;0;36
2892d3dbc857f6742361415ebd37d0dde3eeb077;2020-11-18T14_20_36.383Z;0;0;0;36
2892d3dbc857f6742361415ebd37d0dde3eeb077;2020-11-20T05_18_17.053Z;2;0;0;0
2892d3dbc857f6742361415ebd37d0dde3eeb077;2020-11-20T05_18_57.950Z;1;0;0;17
2892d3dbc857f6742361415ebd37d0dde3eeb077;2020-11-20T06_10_42.104Z;2;0;0;0
2892d3dbc857f6742361415ebd37d0dde3eeb077;2020-11-20T06_26_41.276Z;1;0;0;17
2892d3dbc857f6742361415ebd37d0dde3eeb077;2020-11-20T06_31_51.540Z;2;0;0;0
2892d3dbc857f6742361415ebd37d0dde3eeb077;2020-11-20T19_57_23.838Z;2;0;0;0
2892d3dbc857f6742361415ebd37d0dde3eeb077;2020-11-20T20_43_51.481Z;2;0;0;0
2892d3dbc857f6742361415ebd37d0dde3eeb077;2020-11-20T21_01_48.094Z;2;0;0;0
2892d3dbc857f6742361415ebd37d0dde3eeb077;2020-11-20T21_17_53.303Z;0;0;0;36
2892d3dbc857f6742361415ebd37d0dde3eeb077;2020-11-20T21_18_57.101Z;0;0;13;23
2892d3dbc857f6742361415ebd37d0dde3eeb077;2020-11-20T21_28_01.358Z;2;0;0;0
2892d3dbc857f6742361415ebd37d0dde3eeb077;2020-11-20T23_25_23.716Z;0;1;7;29
2892d3dbc857f6742361415ebd37d0dde3eeb077;2020-11-21T00_53_49.310Z;0;1;7;29
2892d3dbc857f6742361415ebd37d0dde3eeb077;2020-11-21T03_16_27.997Z;0;0;6;30
2892d3dbc857f6742361415ebd37d0dde3eeb077;2020-11-21T03_31_57.180Z;0;0;5;31
2892d3dbc857f6742361415ebd37d0dde3eeb077;2020-11-21T03_51_55.888Z;0;0;4;32
2892d3dbc857f6742361415ebd37d0dde3eeb077;2020-11-21T04_52_59.364Z;0;0;0;36
2892d3dbc857f6742361415ebd37d0dde3eeb077;2020-11-21T04_55_47.293Z;1;0;0;17
2892d3dbc857f6742361415ebd37d0dde3eeb077;2020-11-22T01_22_24.539Z;0;0;13;23
2892d3dbc857f6742361415ebd37d0dde3eeb077;2020-11-22T01_42_00.280Z;1;0;0;17
2892d3dbc857f6742361415ebd37d0dde3eeb077;2020-11-22T03_21_01.647Z;0;3;9;25
2892d3dbc857f6742361415ebd37d0dde3eeb077;2020-11-22T04_04_31.053Z;0;1;7;27
2892d3dbc857f6742361415ebd37d0dde3eeb077;2020-11-22T20_16_32.206Z;0;1;5;29
2892d3dbc857f6742361415ebd37d0dde3eeb077;2020-11-22T20_51_12.908Z;1;0;0;17
2892d3dbc857f6742361415ebd37d0dde3eeb077;2020-11-22T21_12_06.634Z;0;0;0;36
2892d3dbc857f6742361415ebd37d0dde3eeb077;2020-11-22T21_26_11.639Z;0;1;5;25
2892d3dbc857f6742361415ebd37d0dde3eeb077;2020-11-23T04_49_27.220Z;0;1;4;22
2892d3dbc857f6742361415ebd37d0dde3eeb077;2020-11-23T05_51_12.215Z;0;0;0;18
2892d3dbc857f6742361415ebd37d0dde3eeb077;2020-11-23T05_53_46.855Z;0;0;3;10
2892d3dbc857f6742361415ebd37d0dde3eeb077;2020-11-23T06_21_08.301Z;0;0;0;16
2892d3dbc857f6742361415ebd37d0dde3eeb077;2020-11-23T06_46_07.193Z;1;0;0;9
2892d3dbc857f6742361415ebd37d0dde3eeb077;2020-11-23T07_21_16.857Z;0;0;0;8
2892d3dbc857f6742361415ebd37d0dde3eeb077;2020-11-23T18_47_13.294Z;0;0;0;18
2892d3dbc857f6742361415ebd37d0dde3eeb077;2020-11-23T19_08_13.178Z;0;0;0;15
2ac9c3d2e2b75c154ab4ea8cc2bad9087497e779;2020-11-18T14_14_07.413Z;0;0;0;17
2ac9c3d2e2b75c154ab4ea8cc2bad9087497e779;2020-11-19T13_31_48.857Z;0;0;0;20
2ac9c3d2e2b75c154ab4ea8cc2bad9087497e779;2020-11-19T14_02_26.923Z;0;0;0;19
2ac9c3d2e2b75c154ab4ea8cc2bad9087497e779;2020-11-19T14_02_50.835Z;0;7;7;13
2ac9c3d2e2b75c154ab4ea8cc2bad9087497e779;2020-11-19T14_04_46.294Z;0;0;0;9
2ac9c3d2e2b75c154ab4ea8cc2bad9087497e779;2020-11-19T14_05_45.880Z;0;0;13;23
2ac9c3d2e2b75c154ab4ea8cc2bad9087497e779;2020-11-19T14_31_03.897Z;0;5;5;31
2ac9c3d2e2b75c154ab4ea8cc2bad9087497e779;2020-11-20T10_05_39.422Z;0;1;5;31
2ac9c3d2e2b75c154ab4ea8cc2bad9087497e779;2020-11-20T15_04_57.580Z;0;1;5;31
2ac9c3d2e2b75c154ab4ea8cc2bad9087497e779;2020-11-20T15_33_09.040Z;2;0;0;0
2ac9c3d2e2b75c154ab4ea8cc2bad9087497e779;2020-11-20T15_59_07.499Z;0;1;5;31
2ac9c3d2e2b75c154ab4ea8cc2bad9087497e779;2020-11-21T02_17_57.248Z;0;1;1;35
2ac9c3d2e2b75c154ab4ea8cc2bad9087497e779;2020-11-21T04_23_36.443Z;0;0;0;36
2ac9c3d2e2b75c154ab4ea8cc2bad9087497e779;2020-11-21T05_27_09.033Z;0;0;0;36
2ac9c3d2e2b75c154ab4ea8cc2bad9087497e779;2020-11-21T05_44_04.260Z;0;0;13;23
2ac9c3d2e2b75c154ab4ea8cc2bad9087497e779;2020-11-21T06_20_33.461Z;1;0;0;17
2ac9c3d2e2b75c154ab4ea8cc2bad9087497e779;2020-11-21T07_07_38.586Z;0;0;10;26
2ac9c3d2e2b75c154ab4ea8cc2bad9087497e779;2020-11-21T07_35_47.589Z;0;0;0;36
2ac9c3d2e2b75c154ab4ea8cc2bad9087497e779;2020-11-21T07_38_29.452Z;0;0;6;30
2ac9c3d2e2b75c154ab4ea8cc2bad9087497e779;2020-11-21T13_20_16.890Z;0;0;0;36
2ac9c3d2e2b75c154ab4ea8cc2bad9087497e779;2020-11-21T13_21_16.872Z;0;0;0;36
2ac9c3d2e2b75c154ab4ea8cc2bad9087497e779;2020-11-21T13_31_37.086Z;0;0;0;36
2ac9c3d2e2b75c154ab4ea8cc2bad9087497e779;2020-11-21T13_36_00.001Z;0;0;0;36
2ac9c3d2e2b75c154ab4ea8cc2bad9087497e779;2020-11-21T13_53_39.029Z;0;0;0;36
2ac9c3d2e2b75c154ab4ea8cc2bad9087497e779;2020-11-21T14_01_51.203Z;0;0;0;36
2ac9c3d2e2b75c154ab4ea8cc2bad9087497e779;2020-11-24T13_40_34.033Z;0;0;0;36
2ac9c3d2e2b75c154ab4ea8cc2bad9087497e779;2020-11-26T03_22_12.425Z;0;0;0;36
2ac9c3d2e2b75c154ab4ea8cc2bad9087497e779;2020-11-26T03_32_15.686Z;0;0;0;36
2ac9c3d2e2b75c154ab4ea8cc2bad9087497e779;2020-11-26T03_32_50.929Z;0;0;0;36
2adc3e45fc704d8286cf0b39376b823871ed8484;2020-11-20T17_23_58.700Z;1;0;0;0
2adc3e45fc704d8286cf0b39376b823871ed8484;2020-11-20T17_24_24.402Z;0;0;0;13
2adc3e45fc704d8286cf0b39376b823871ed8484;2020-11-20T17_24_41.977Z;1;0;0;17
2adc3e45fc704d8286cf0b39376b823871ed8484;2020-11-20T18_40_48.233Z;0;0;14;22
2adc3e45fc704d8286cf0b39376b823871ed8484;2020-11-20T18_40_58.998Z;0;0;0;36
2adc3e45fc704d8286cf0b39376b823871ed8484;2020-11-20T18_41_16.940Z;0;0;0;36
2adc3e45fc704d8286cf0b39376b823871ed8484;2020-11-20T19_34_06.353Z;0;1;5;31
2adc3e45fc704d8286cf0b39376b823871ed8484;2020-11-21T05_59_26.796Z;0;1;1;35
2adc3e45fc704d8286cf0b39376b823871ed8484;2020-11-21T06_19_53.645Z;0;1;1;35
2adc3e45fc704d8286cf0b39376b823871ed8484;2020-11-21T06_42_57.324Z;0;0;14;22
2adc3e45fc704d8286cf0b39376b823871ed8484;2020-11-21T09_00_57.191Z;1;0;0;17
2adc3e45fc704d8286cf0b39376b823871ed8484;2020-11-21T09_33_35.895Z;1;0;0;17
2adc3e45fc704d8286cf0b39376b823871ed8484;2020-11-22T12_09_32.444Z;0;1;11;25
2adc3e45fc704d8286cf0b39376b823871ed8484;2020-11-22T12_57_21.374Z;0;2;9;27
2adc3e45fc704d8286cf0b39376b823871ed8484;2020-11-23T13_03_43.691Z;0;1;1;35
2adc3e45fc704d8286cf0b39376b823871ed8484;2020-11-23T13_32_33.110Z;0;1;3;33
2adc3e45fc704d8286cf0b39376b823871ed8484;2020-11-23T13_36_23.386Z;0;0;0;36
2adc3e45fc704d8286cf0b39376b823871ed8484;2020-11-23T13_52_31.787Z;0;0;0;36
2adc3e45fc704d8286cf0b39376b823871ed8484;2020-11-23T13_52_31.811Z;0;0;0;36
2adc3e45fc704d8286cf0b39376b823871ed8484;2020-11-23T13_52_31.822Z;0;0;0;36
2adc3e45fc704d8286cf0b39376b823871ed8484;2020-11-23T13_52_31.832Z;0;1;3;33
2adc3e45fc704d8286cf0b39376b823871ed8484;2020-11-23T13_57_49.785Z;0;1;1;35
2adc3e45fc704d8286cf0b39376b823871ed8484;2020-11-23T14_08_35.815Z;0;0;0;36
2adc3e45fc704d8286cf0b39376b823871ed8484;2020-11-23T14_39_27.527Z;0;0;0;36
2adc3e45fc704d8286cf0b39376b823871ed8484;2020-11-23T14_56_02.956Z;0;0;0;36
2adc3e45fc704d8286cf0b39376b823871ed8484;2020-11-23T15_09_02.935Z;0;0;0;36
2adc3e45fc704d8286cf0b39376b823871ed8484;2020-11-23T15_24_57.750Z;0;0;0;36
2adc3e45fc704d8286cf0b39376b823871ed8484;2020-11-23T15_35_39.273Z;0;0;0;36
2adc3e45fc704d8286cf0b39376b823871ed8484;2020-11-23T15_38_32.655Z;0;0;0;36
2c22b20e671dbf5ab6f9c84da21690f72cbed8ef;2020-11-25T19_27_06.926Z;0;0;0;36
2c22b20e671dbf5ab6f9c84da21690f72cbed8ef;2020-11-25T19_33_39.864Z;0;0;0;13
2c22b20e671dbf5ab6f9c84da21690f72cbed8ef;2020-11-25T19_35_05.907Z;1;0;0;17
2c22b20e671dbf5ab6f9c84da21690f72cbed8ef;2020-11-25T20_30_23.794Z;0;0;0;36
2c22b20e671dbf5ab6f9c84da21690f72cbed8ef;2020-11-25T20_31_35.088Z;2;0;0;0
2c22b20e671dbf5ab6f9c84da21690f72cbed8ef;2020-11-25T20_33_01.398Z;0;0;14;22
2c22b20e671dbf5ab6f9c84da21690f72cbed8ef;2020-11-25T20_51_29.783Z;0;0;0;36
2c22b20e671dbf5ab6f9c84da21690f72cbed8ef;2020-11-25T20_56_44.758Z;1;0;0;17
2c22b20e671dbf5ab6f9c84da21690f72cbed8ef;2020-11-25T21_53_34.468Z;0;0;14;22
2c22b20e671dbf5ab6f9c84da21690f72cbed8ef;2020-11-25T22_56_15.290Z;0;4;11;25
2c22b20e671dbf5ab6f9c84da21690f72cbed8ef;2020-11-26T21_21_08.518Z;1;0;0;17
2c22b20e671dbf5ab6f9c84da21690f72cbed8ef;2020-11-27T01_19_59.207Z;1;0;0;17
2c22b20e671dbf5ab6f9c84da21690f72cbed8ef;2020-11-27T01_33_48.431Z;0;0;0;36
2c22b20e671dbf5ab6f9c84da21690f72cbed8ef;2020-11-27T01_33_57.452Z;0;0;0;36
2c590c72ae298d0eb8d06d1eec09a191fb0dd949;2020-11-19T23_13_23.114Z;1;0;0;0
2c590c72ae298d0eb8d06d1eec09a191fb0dd949;2020-11-19T23_17_27.058Z;0;0;0;13
2c590c72ae298d0eb8d06d1eec09a191fb0dd949;2020-11-19T23_18_22.568Z;1;0;0;17
2c590c72ae298d0eb8d06d1eec09a191fb0dd949;2020-11-19T23_59_21.397Z;2;0;0;0
2c590c72ae298d0eb8d06d1eec09a191fb0dd949;2020-11-19T23_59_40.472Z;0;0;0;17
2c590c72ae298d0eb8d06d1eec09a191fb0dd949;2020-11-19T23_59_50.364Z;0;0;0;36
2c590c72ae298d0eb8d06d1eec09a191fb0dd949;2020-11-19T23_59_53.674Z;0;0;0;36
2c590c72ae298d0eb8d06d1eec09a191fb0dd949;2020-11-19T23_59_56.323Z;0;0;0;36
2c590c72ae298d0eb8d06d1eec09a191fb0dd949;2020-11-19T23_59_58.746Z;0;0;0;36
2c590c72ae298d0eb8d06d1eec09a191fb0dd949;2020-11-20T00_00_00.807Z;0;0;0;36
2c590c72ae298d0eb8d06d1eec09a191fb0dd949;2020-11-20T00_00_02.948Z;0;0;0;36
2c590c72ae298d0eb8d06d1eec09a191fb0dd949;2020-11-20T01_31_51.940Z;0;0;0;36
2c590c72ae298d0eb8d06d1eec09a191fb0dd949;2020-11-20T01_32_00.731Z;0;0;0;36
2c590c72ae298d0eb8d06d1eec09a191fb0dd949;2020-11-20T01_32_10.591Z;0;0;0;36
2c590c72ae298d0eb8d06d1eec09a191fb0dd949;2020-11-20T01_39_39.898Z;0;0;2;34
2c590c72ae298d0eb8d06d1eec09a191fb0dd949;2020-11-20T02_07_14.420Z;1;0;0;17
2c590c72ae298d0eb8d06d1eec09a191fb0dd949;2020-11-20T03_53_48.441Z;1;0;0;17
2c590c72ae298d0eb8d06d1eec09a191fb0dd949;2020-11-20T04_30_17.858Z;0;0;0;36
2c590c72ae298d0eb8d06d1eec09a191fb0dd949;2020-11-20T04_30_17.877Z;0;0;0;36
2c590c72ae298d0eb8d06d1eec09a191fb0dd949;2020-11-20T04_30_17.905Z;0;0;0;36
2c590c72ae298d0eb8d06d1eec09a191fb0dd949;2020-11-20T04_33_33.638Z;0;0;0;36
2c590c72ae298d0eb8d06d1eec09a191fb0dd949;2020-11-20T04_49_24.320Z;0;0;0;36
2c590c72ae298d0eb8d06d1eec09a191fb0dd949;2020-11-20T05_18_59.202Z;0;0;0;36
2c590c72ae298d0eb8d06d1eec09a191fb0dd949;2020-11-20T05_34_22.698Z;0;0;0;36
2c590c72ae298d0eb8d06d1eec09a191fb0dd949;2020-11-20T05_35_14.899Z;0;2;2;34
2c590c72ae298d0eb8d06d1eec09a191fb0dd949;2020-11-20T05_37_47.310Z;0;0;0;36
2c590c72ae298d0eb8d06d1eec09a191fb0dd949;2020-11-20T05_38_27.634Z;0;0;0;36
2c590c72ae298d0eb8d06d1eec09a191fb0dd949;2020-11-20T05_39_31.611Z;0;0;0;36
2c590c72ae298d0eb8d06d1eec09a191fb0dd949;2020-11-20T05_51_57.349Z;0;0;0;36
2c590c72ae298d0eb8d06d1eec09a191fb0dd949;2020-11-20T05_53_17.775Z;0;0;0;36
2d1e7e329d49709107b3cc3a54e79ecd10734d88;2020-11-17T22_49_16.279Z;1;0;0;0
2d1e7e329d49709107b3cc3a54e79ecd10734d88;2020-11-17T22_51_24.545Z;0;0;15;21
2d1e7e329d49709107b3cc3a54e79ecd10734d88;2020-11-17T22_51_40.633Z;0;0;0;13
2d1e7e329d49709107b3cc3a54e79ecd10734d88;2020-11-17T22_52_58.609Z;0;0;13;23
2d1e7e329d49709107b3cc3a54e79ecd10734d88;2020-11-17T23_15_04.930Z;0;0;15;21
2d1e7e329d49709107b3cc3a54e79ecd10734d88;2020-11-23T21_17_38.787Z;0;1;8;28
2d1e7e329d49709107b3cc3a54e79ecd10734d88;2020-11-23T21_47_57.702Z;0;1;4;32
2d1e7e329d49709107b3cc3a54e79ecd10734d88;2020-11-23T23_41_11.562Z;0;0;14;22
2d1e7e329d49709107b3cc3a54e79ecd10734d88;2020-11-24T03_04_13.404Z;0;2;5;31
2d1e7e329d49709107b3cc3a54e79ecd10734d88;2020-11-24T04_33_46.521Z;0;1;1;35
2d1e7e329d49709107b3cc3a54e79ecd10734d88;2020-11-24T04_39_36.677Z;0;11;11;25
2d1e7e329d49709107b3cc3a54e79ecd10734d88;2020-11-24T04_42_36.492Z;0;0;0;36
2d1e7e329d49709107b3cc3a54e79ecd10734d88;2020-11-26T00_52_40.899Z;0;11;11;25
2d1e7e329d49709107b3cc3a54e79ecd10734d88;2020-11-26T00_55_04.127Z;0;1;1;35
2d1e7e329d49709107b3cc3a54e79ecd10734d88;2020-11-26T00_55_08.101Z;0;0;0;36
2d1e7e329d49709107b3cc3a54e79ecd10734d88;2020-11-26T01_08_35.633Z;0;0;0;36
2d1e7e329d49709107b3cc3a54e79ecd10734d88;2020-11-26T01_09_01.266Z;0;0;0;36
2d1e7e329d49709107b3cc3a54e79ecd10734d88;2020-11-26T01_15_27.956Z;0;1;4;32
2d1e7e329d49709107b3cc3a54e79ecd10734d88;2020-11-26T01_25_20.333Z;0;1;1;35
2d7848bb411c2d1dfe75ddd2c095195b42110776;2020-11-19T18_56_29.720Z;1;0;0;0
2d7848bb411c2d1dfe75ddd2c095195b42110776;2020-11-19T19_38_23.715Z;0;0;0;13
2d7848bb411c2d1dfe75ddd2c095195b42110776;2020-11-19T19_41_01.255Z;0;0;13;23
2d7848bb411c2d1dfe75ddd2c095195b42110776;2020-11-19T20_01_26.408Z;0;1;1;35
2d7848bb411c2d1dfe75ddd2c095195b42110776;2020-11-22T03_22_45.467Z;0;1;1;35
2d7848bb411c2d1dfe75ddd2c095195b42110776;2020-11-22T03_53_14.238Z;0;0;13;23
2d7848bb411c2d1dfe75ddd2c095195b42110776;2020-11-22T04_30_47.694Z;0;1;1;35
2d7848bb411c2d1dfe75ddd2c095195b42110776;2020-11-22T05_06_21.518Z;0;1;1;35
2d7848bb411c2d1dfe75ddd2c095195b42110776;2020-11-22T05_13_40.167Z;0;2;4;32
2d7848bb411c2d1dfe75ddd2c095195b42110776;2020-11-23T19_27_51.380Z;0;0;0;36
2d7848bb411c2d1dfe75ddd2c095195b42110776;2020-11-23T19_32_11.352Z;0;0;0;36
2d8ae2ab222603a73f98853020208a89c7cef84d;2020-11-17T01_56_54.254Z;1;0;0;0
2d8ae2ab222603a73f98853020208a89c7cef84d;2020-11-17T02_28_56.620Z;0;0;0;36
2d8ae2ab222603a73f98853020208a89c7cef84d;2020-11-17T02_29_09.337Z;0;0;0;36
2d8ae2ab222603a73f98853020208a89c7cef84d;2020-11-17T02_31_46.918Z;0;0;0;13
2d8ae2ab222603a73f98853020208a89c7cef84d;2020-11-17T02_34_26.274Z;0;0;13;23
2d8ae2ab222603a73f98853020208a89c7cef84d;2020-11-17T02_52_04.765Z;0;0;0;36
2d8ae2ab222603a73f98853020208a89c7cef84d;2020-11-17T06_03_01.446Z;0;0;13;23
2d8ae2ab222603a73f98853020208a89c7cef84d;2020-11-17T06_51_13.131Z;1;0;0;17
2d8ae2ab222603a73f98853020208a89c7cef84d;2020-11-18T00_41_07.871Z;0;0;6;30
2d8ae2ab222603a73f98853020208a89c7cef84d;2020-11-18T02_31_48.890Z;0;0;0;36
2d8ae2ab222603a73f98853020208a89c7cef84d;2020-11-18T02_37_33.755Z;0;0;4;32
2d8ae2ab222603a73f98853020208a89c7cef84d;2020-11-18T03_06_57.316Z;1;0;0;17
2d8ae2ab222603a73f98853020208a89c7cef84d;2020-11-18T05_34_54.371Z;0;0;0;36
2d8ae2ab222603a73f98853020208a89c7cef84d;2020-11-18T05_51_16.352Z;0;0;0;36
2d8ae2ab222603a73f98853020208a89c7cef84d;2020-11-18T21_26_32.287Z;0;0;0;36
2d8ae2ab222603a73f98853020208a89c7cef84d;2020-11-18T21_28_57.345Z;0;0;0;36
2d8ae2ab222603a73f98853020208a89c7cef84d;2020-11-19T16_44_42.390Z;0;0;0;36
2d8ae2ab222603a73f98853020208a89c7cef84d;2020-11-22T19_03_33.169Z;0;0;0;36
2d8ae2ab222603a73f98853020208a89c7cef84d;2020-11-22T19_12_43.355Z;0;0;0;36
2d8ae2ab222603a73f98853020208a89c7cef84d;2020-11-22T19_17_01.161Z;0;0;0;36
2d8ae2ab222603a73f98853020208a89c7cef84d;2020-11-22T19_28_32.758Z;0;0;0;36
2e26f875a0ef7b1f5682286d9dd0543997d7c42c;2020-11-13T20_45_07.937Z;0;0;0;36
2e26f875a0ef7b1f5682286d9dd0543997d7c42c;2020-11-13T20_45_09.086Z;0;0;0;36
2e26f875a0ef7b1f5682286d9dd0543997d7c42c;2020-11-13T20_45_09.702Z;0;0;0;36
2e26f875a0ef7b1f5682286d9dd0543997d7c42c;2020-11-13T20_52_34.845Z;1;0;0;0
2e26f875a0ef7b1f5682286d9dd0543997d7c42c;2020-11-13T20_55_13.020Z;0;0;0;13
2e26f875a0ef7b1f5682286d9dd0543997d7c42c;2020-11-13T20_56_07.215Z;1;0;0;17
2e26f875a0ef7b1f5682286d9dd0543997d7c42c;2020-11-13T21_10_40.811Z;0;0;0;36
2e26f875a0ef7b1f5682286d9dd0543997d7c42c;2020-11-13T21_10_40.820Z;0;0;0;36
2e26f875a0ef7b1f5682286d9dd0543997d7c42c;2020-11-13T21_16_43.852Z;0;0;13;23
2e26f875a0ef7b1f5682286d9dd0543997d7c42c;2020-11-13T21_17_37.409Z;0;0;0;36
2e26f875a0ef7b1f5682286d9dd0543997d7c42c;2020-11-13T22_04_56.207Z;2;0;0;0
2e26f875a0ef7b1f5682286d9dd0543997d7c42c;2020-11-14T00_52_50.374Z;0;9;10;26
2e26f875a0ef7b1f5682286d9dd0543997d7c42c;2020-11-14T00_57_49.494Z;1;0;0;17
2e26f875a0ef7b1f5682286d9dd0543997d7c42c;2020-11-15T23_32_53.880Z;1;0;0;17
2e26f875a0ef7b1f5682286d9dd0543997d7c42c;2020-11-15T23_56_56.197Z;0;0;13;23
2e26f875a0ef7b1f5682286d9dd0543997d7c42c;2020-11-16T00_30_45.407Z;1;0;0;17
2e26f875a0ef7b1f5682286d9dd0543997d7c42c;2020-11-16T00_44_56.736Z;0;0;13;23
2e26f875a0ef7b1f5682286d9dd0543997d7c42c;2020-11-16T00_57_33.794Z;0;9;10;26
2e26f875a0ef7b1f5682286d9dd0543997d7c42c;2020-11-16T01_39_57.715Z;0;3;4;32
2e26f875a0ef7b1f5682286d9dd0543997d7c42c;2020-11-16T01_56_46.749Z;0;0;0;36
2e26f875a0ef7b1f5682286d9dd0543997d7c42c;2020-11-16T02_15_22.333Z;0;2;2;34
2e26f875a0ef7b1f5682286d9dd0543997d7c42c;2020-11-16T03_05_02.508Z;0;1;1;35
2e26f875a0ef7b1f5682286d9dd0543997d7c42c;2020-11-16T03_47_30.169Z;0;0;0;36
2e26f875a0ef7b1f5682286d9dd0543997d7c42c;2020-11-16T04_04_00.659Z;0;0;0;36
2e26f875a0ef7b1f5682286d9dd0543997d7c42c;2020-11-16T04_08_38.793Z;0;0;0;36
2e26f875a0ef7b1f5682286d9dd0543997d7c42c;2020-11-16T17_30_03.379Z;0;0;0;36
2e26f875a0ef7b1f5682286d9dd0543997d7c42c;2020-11-25T19_34_18.145Z;0;0;0;36
2e5d899ce757dacb028d693fd162f019e1d137b9;2020-11-25T03_42_39.780Z;0;0;0;36
2e5d899ce757dacb028d693fd162f019e1d137b9;2020-11-25T22_58_18.480Z;0;0;0;36
2e5d899ce757dacb028d693fd162f019e1d137b9;2020-11-25T22_59_05.814Z;0;0;0;36
2e5d899ce757dacb028d693fd162f019e1d137b9;2020-11-25T23_01_47.712Z;0;0;0;36
2e5d899ce757dacb028d693fd162f019e1d137b9;2020-11-25T23_01_47.718Z;0;0;0;36
2e5d899ce757dacb028d693fd162f019e1d137b9;2020-11-25T23_14_16.090Z;0;0;0;36
2e5d899ce757dacb028d693fd162f019e1d137b9;2020-11-25T23_41_09.497Z;0;0;0;36
2e5d899ce757dacb028d693fd162f019e1d137b9;2020-11-25T23_42_35.571Z;2;0;0;0
2e5d899ce757dacb028d693fd162f019e1d137b9;2020-11-25T23_44_28.746Z;0;0;0;36
2e5d899ce757dacb028d693fd162f019e1d137b9;2020-11-25T23_45_30.780Z;1;1;5;4
2e5d899ce757dacb028d693fd162f019e1d137b9;2020-11-25T23_46_02.968Z;0;0;0;36
2e5d899ce757dacb028d693fd162f019e1d137b9;2020-11-26T00_00_47.845Z;0;5;9;21
2e5d899ce757dacb028d693fd162f019e1d137b9;2020-11-26T01_18_11.955Z;0;12;12;19
2e5d899ce757dacb028d693fd162f019e1d137b9;2020-11-26T01_28_23.659Z;0;0;0;13
2e5d899ce757dacb028d693fd162f019e1d137b9;2020-11-26T01_28_25.303Z;0;2;4;22
2e5d899ce757dacb028d693fd162f019e1d137b9;2020-11-26T01_52_47.579Z;0;0;0;36
2e5d899ce757dacb028d693fd162f019e1d137b9;2020-11-26T01_52_47.587Z;0;2;4;22
2e5d899ce757dacb028d693fd162f019e1d137b9;2020-11-26T02_17_50.071Z;0;0;0;36
2e5d899ce757dacb028d693fd162f019e1d137b9;2020-11-26T02_50_23.262Z;0;0;0;36
2e5d899ce757dacb028d693fd162f019e1d137b9;2020-11-26T03_36_05.651Z;0;0;0;36
2e5d899ce757dacb028d693fd162f019e1d137b9;2020-11-26T03_42_37.002Z;0;0;2;34
2e5d899ce757dacb028d693fd162f019e1d137b9;2020-11-26T03_46_39.331Z;0;0;0;36
2fcd57e994ce4e99ea705980aa0f47d3307e3ab7;2020-11-24T00_03_19.236Z;0;0;0;36
2fcd57e994ce4e99ea705980aa0f47d3307e3ab7;2020-11-24T07_43_06.101Z;0;0;0;36
2fcd57e994ce4e99ea705980aa0f47d3307e3ab7;2020-11-24T08_27_25.351Z;0;0;0;36
2fcd57e994ce4e99ea705980aa0f47d3307e3ab7;2020-11-24T08_39_10.649Z;0;0;0;13
2fcd57e994ce4e99ea705980aa0f47d3307e3ab7;2020-11-24T08_39_28.676Z;1;0;0;17
2fcd57e994ce4e99ea705980aa0f47d3307e3ab7;2020-11-24T08_39_37.434Z;0;0;0;36
2fcd57e994ce4e99ea705980aa0f47d3307e3ab7;2020-11-24T09_09_18.496Z;0;0;0;17
2fcd57e994ce4e99ea705980aa0f47d3307e3ab7;2020-11-24T09_21_01.882Z;0;0;0;13
2fcd57e994ce4e99ea705980aa0f47d3307e3ab7;2020-11-24T09_32_24.159Z;0;0;0;36
2fcd57e994ce4e99ea705980aa0f47d3307e3ab7;2020-11-24T09_36_19.311Z;2;0;0;0
2fcd57e994ce4e99ea705980aa0f47d3307e3ab7;2020-11-24T09_36_47.408Z;0;0;13;23
2fcd57e994ce4e99ea705980aa0f47d3307e3ab7;2020-11-24T10_10_30.481Z;0;1;5;31
2fcd57e994ce4e99ea705980aa0f47d3307e3ab7;2020-11-24T10_44_24.340Z;0;1;5;31
2fcd57e994ce4e99ea705980aa0f47d3307e3ab7;2020-11-24T10_56_27.549Z;0;1;1;35
2fcd57e994ce4e99ea705980aa0f47d3307e3ab7;2020-11-24T11_31_40.957Z;0;0;13;23
2fcd57e994ce4e99ea705980aa0f47d3307e3ab7;2020-11-24T23_50_36.167Z;0;0;13;23
2fcd57e994ce4e99ea705980aa0f47d3307e3ab7;2020-11-25T00_51_10.240Z;1;0;0;17
2fcd57e994ce4e99ea705980aa0f47d3307e3ab7;2020-11-25T01_04_13.664Z;1;0;0;17
2fcd57e994ce4e99ea705980aa0f47d3307e3ab7;2020-11-25T01_34_27.718Z;0;1;13;23
2fcd57e994ce4e99ea705980aa0f47d3307e3ab7;2020-11-25T06_20_31.995Z;0;1;13;23
2fcd57e994ce4e99ea705980aa0f47d3307e3ab7;2020-11-25T06_56_27.279Z;0;1;13;23
2fcd57e994ce4e99ea705980aa0f47d3307e3ab7;2020-11-25T08_31_00.109Z;1;0;0;17
2fcd57e994ce4e99ea705980aa0f47d3307e3ab7;2020-11-25T08_56_47.187Z;0;0;6;30
2fcd57e994ce4e99ea705980aa0f47d3307e3ab7;2020-11-25T09_22_54.670Z;1;0;0;17
2fcd57e994ce4e99ea705980aa0f47d3307e3ab7;2020-11-25T10_04_01.701Z;0;0;2;34
2fcd57e994ce4e99ea705980aa0f47d3307e3ab7;2020-11-25T10_22_16.497Z;0;0;0;36
2fcd57e994ce4e99ea705980aa0f47d3307e3ab7;2020-11-25T10_30_41.969Z;0;0;0;36
2fcd57e994ce4e99ea705980aa0f47d3307e3ab7;2020-11-26T02_30_20.072Z;0;0;0;36
2fcd57e994ce4e99ea705980aa0f47d3307e3ab7;2020-11-26T02_39_19.119Z;0;0;0;36
2fcd57e994ce4e99ea705980aa0f47d3307e3ab7;2020-11-26T02_44_06.493Z;0;0;0;36
2fcd57e994ce4e99ea705980aa0f47d3307e3ab7;2020-11-26T03_40_37.915Z;0;0;0;36
2fcd57e994ce4e99ea705980aa0f47d3307e3ab7;2020-11-26T03_41_45.836Z;0;0;0;36
2fcd57e994ce4e99ea705980aa0f47d3307e3ab7;2020-11-26T03_56_24.219Z;0;0;0;36
2fcd57e994ce4e99ea705980aa0f47d3307e3ab7;2020-11-26T04_39_57.249Z;0;0;0;36
3041a53686abd2d37493352be2b24a14c40071a8;2020-11-14T18_48_38.314Z;1;0;0;0
3041a53686abd2d37493352be2b24a14c40071a8;2020-11-14T18_50_13.208Z;0;0;0;13
3041a53686abd2d37493352be2b24a14c40071a8;2020-11-14T18_54_16.839Z;2;0;0;0
3041a53686abd2d37493352be2b24a14c40071a8;2020-11-14T18_55_23.901Z;0;0;13;23
3041a53686abd2d37493352be2b24a14c40071a8;2020-11-14T20_30_54.298Z;0;0;13;23
3041a53686abd2d37493352be2b24a14c40071a8;2020-11-14T20_44_20.298Z;2;0;0;0
3041a53686abd2d37493352be2b24a14c40071a8;2020-11-14T21_52_55.187Z;0;4;13;23
3041a53686abd2d37493352be2b24a14c40071a8;2020-11-15T18_34_04.099Z;0;0;0;36
3041a53686abd2d37493352be2b24a14c40071a8;2020-11-15T18_50_26.787Z;0;0;0;36
3041a53686abd2d37493352be2b24a14c40071a8;2020-11-15T19_59_30.442Z;0;0;7;29
3041a53686abd2d37493352be2b24a14c40071a8;2020-11-15T20_53_31.200Z;0;0;0;36
3041a53686abd2d37493352be2b24a14c40071a8;2020-11-15T21_08_04.712Z;0;0;0;36
3041a53686abd2d37493352be2b24a14c40071a8;2020-11-15T21_47_28.983Z;0;0;0;36
3041a53686abd2d37493352be2b24a14c40071a8;2020-11-15T21_47_35.879Z;0;0;0;36
31581b9b01d2fa566b8c69efc227c6bd676e574e;2020-11-23T00_33_58.390Z;1;0;0;0
31581b9b01d2fa566b8c69efc227c6bd676e574e;2020-11-23T00_52_50.049Z;2;0;0;0
31581b9b01d2fa566b8c69efc227c6bd676e574e;2020-11-23T00_53_02.089Z;0;0;0;13
31581b9b01d2fa566b8c69efc227c6bd676e574e;2020-11-23T00_53_16.384Z;0;0;0;36
31581b9b01d2fa566b8c69efc227c6bd676e574e;2020-11-23T01_04_15.761Z;1;0;0;17
31581b9b01d2fa566b8c69efc227c6bd676e574e;2020-11-23T01_28_29.525Z;2;0;0;0
31581b9b01d2fa566b8c69efc227c6bd676e574e;2020-11-23T02_20_35.181Z;0;0;13;23
31581b9b01d2fa566b8c69efc227c6bd676e574e;2020-11-23T02_52_47.422Z;0;1;4;32
31581b9b01d2fa566b8c69efc227c6bd676e574e;2020-11-23T04_49_35.503Z;0;0;3;33
31581b9b01d2fa566b8c69efc227c6bd676e574e;2020-11-23T05_00_48.526Z;0;6;7;29
31581b9b01d2fa566b8c69efc227c6bd676e574e;2020-11-23T05_03_01.055Z;0;0;0;36
31581b9b01d2fa566b8c69efc227c6bd676e574e;2020-11-23T05_29_23.026Z;0;6;7;29
31581b9b01d2fa566b8c69efc227c6bd676e574e;2020-11-23T05_45_46.358Z;0;0;0;36
31581b9b01d2fa566b8c69efc227c6bd676e574e;2020-11-23T05_54_44.396Z;0;0;1;35
31581b9b01d2fa566b8c69efc227c6bd676e574e;2020-11-23T06_05_35.276Z;0;0;0;36
31581b9b01d2fa566b8c69efc227c6bd676e574e;2020-11-23T18_25_19.398Z;0;0;0;36
31581b9b01d2fa566b8c69efc227c6bd676e574e;2020-11-23T18_25_19.410Z;0;0;0;36
31581b9b01d2fa566b8c69efc227c6bd676e574e;2020-11-23T18_25_19.440Z;0;0;0;36
31581b9b01d2fa566b8c69efc227c6bd676e574e;2020-11-23T18_29_00.440Z;0;0;0;36
31581b9b01d2fa566b8c69efc227c6bd676e574e;2020-11-23T18_35_23.669Z;0;0;1;35
343ccf52c9595fbe9cbe44606f9d7903307e24a3;2020-11-27T20_07_42.832Z;0;0;0;36
343ccf52c9595fbe9cbe44606f9d7903307e24a3;2020-11-27T20_07_53.357Z;0;0;0;36
343ccf52c9595fbe9cbe44606f9d7903307e24a3;2020-11-27T20_13_51.660Z;0;0;0;36
343ccf52c9595fbe9cbe44606f9d7903307e24a3;2020-11-27T20_39_29.634Z;0;0;0;36
343ccf52c9595fbe9cbe44606f9d7903307e24a3;2020-11-27T20_40_30.525Z;1;3;4;9
343ccf52c9595fbe9cbe44606f9d7903307e24a3;2020-11-27T20_55_34.460Z;0;0;0;36
343ccf52c9595fbe9cbe44606f9d7903307e24a3;2020-11-27T20_55_46.726Z;0;0;0;36
343ccf52c9595fbe9cbe44606f9d7903307e24a3;2020-11-27T21_48_54.364Z;2;0;0;0
343ccf52c9595fbe9cbe44606f9d7903307e24a3;2020-11-27T21_59_03.410Z;0;0;0;13
343ccf52c9595fbe9cbe44606f9d7903307e24a3;2020-11-27T22_06_37.321Z;1;0;6;9
343ccf52c9595fbe9cbe44606f9d7903307e24a3;2020-11-27T22_46_46.296Z;0;0;1;25
343ccf52c9595fbe9cbe44606f9d7903307e24a3;2020-11-27T23_55_39.113Z;0;0;5;31
343ccf52c9595fbe9cbe44606f9d7903307e24a3;2020-11-28T00_27_08.343Z;0;0;5;31
343ccf52c9595fbe9cbe44606f9d7903307e24a3;2020-11-28T00_44_39.905Z;0;2;5;31
343ccf52c9595fbe9cbe44606f9d7903307e24a3;2020-11-28T00_55_10.560Z;0;0;0;36
343ccf52c9595fbe9cbe44606f9d7903307e24a3;2020-11-28T00_55_24.145Z;0;0;0;36
343ccf52c9595fbe9cbe44606f9d7903307e24a3;2020-11-28T01_09_52.622Z;0;2;5;31
343ccf52c9595fbe9cbe44606f9d7903307e24a3;2020-11-28T01_35_43.883Z;0;1;1;35
343ccf52c9595fbe9cbe44606f9d7903307e24a3;2020-11-28T01_36_55.987Z;0;2;5;31
343ccf52c9595fbe9cbe44606f9d7903307e24a3;2020-11-28T02_06_59.043Z;0;2;5;31
343ccf52c9595fbe9cbe44606f9d7903307e24a3;2020-11-28T02_15_51.687Z;0;1;1;35
343ccf52c9595fbe9cbe44606f9d7903307e24a3;2020-11-28T02_42_32.360Z;0;2;5;31
343ccf52c9595fbe9cbe44606f9d7903307e24a3;2020-11-28T03_05_36.005Z;0;0;3;33
347d33b6e5785dc56109485ce720e361d0a4a675;2020-11-24T15_39_40.086Z;0;0;0;36
347d33b6e5785dc56109485ce720e361d0a4a675;2020-11-24T15_39_46.502Z;0;0;0;36
347d33b6e5785dc56109485ce720e361d0a4a675;2020-11-24T15_40_27.648Z;1;0;0;0
347d33b6e5785dc56109485ce720e361d0a4a675;2020-11-24T16_02_09.284Z;0;0;0;36
347d33b6e5785dc56109485ce720e361d0a4a675;2020-11-24T16_02_21.860Z;0;0;0;36
347d33b6e5785dc56109485ce720e361d0a4a675;2020-11-24T16_36_36.138Z;1;9;10;4
347d33b6e5785dc56109485ce720e361d0a4a675;2020-11-24T17_15_58.930Z;2;0;0;0
347d33b6e5785dc56109485ce720e361d0a4a675;2020-11-24T18_20_51.623Z;2;0;0;0
347d33b6e5785dc56109485ce720e361d0a4a675;2020-11-24T20_40_34.355Z;0;6;7;29
347d33b6e5785dc56109485ce720e361d0a4a675;2020-11-24T21_29_22.362Z;0;1;6;30
347d33b6e5785dc56109485ce720e361d0a4a675;2020-11-24T22_30_43.880Z;0;1;6;30
347d33b6e5785dc56109485ce720e361d0a4a675;2020-11-25T00_02_43.482Z;0;1;6;30
347d33b6e5785dc56109485ce720e361d0a4a675;2020-11-25T00_22_42.481Z;0;1;6;30
347d33b6e5785dc56109485ce720e361d0a4a675;2020-11-25T00_49_00.420Z;0;1;6;30
347d33b6e5785dc56109485ce720e361d0a4a675;2020-11-25T03_43_56.192Z;0;1;6;30
347d33b6e5785dc56109485ce720e361d0a4a675;2020-11-26T18_51_27.551Z;0;1;6;30
347d33b6e5785dc56109485ce720e361d0a4a675;2020-11-26T19_18_31.730Z;0;1;6;30
347d33b6e5785dc56109485ce720e361d0a4a675;2020-11-26T19_21_33.299Z;0;0;0;13
347d33b6e5785dc56109485ce720e361d0a4a675;2020-11-26T19_40_22.885Z;1;0;0;17
347d33b6e5785dc56109485ce720e361d0a4a675;2020-11-26T21_03_39.522Z;1;0;0;17
347d33b6e5785dc56109485ce720e361d0a4a675;2020-11-26T21_22_08.049Z;1;0;0;17
347d33b6e5785dc56109485ce720e361d0a4a675;2020-11-26T21_41_14.065Z;1;0;0;17
347d33b6e5785dc56109485ce720e361d0a4a675;2020-11-26T22_11_00.517Z;0;1;3;18
347d33b6e5785dc56109485ce720e361d0a4a675;2020-11-26T22_16_18.692Z;0;1;6;30
347d33b6e5785dc56109485ce720e361d0a4a675;2020-11-26T22_59_07.783Z;0;1;3;18
347d33b6e5785dc56109485ce720e361d0a4a675;2020-11-26T23_14_38.930Z;0;3;3;18
347d33b6e5785dc56109485ce720e361d0a4a675;2020-11-27T01_55_16.587Z;2;0;0;0
347d33b6e5785dc56109485ce720e361d0a4a675;2020-11-27T02_05_17.097Z;0;3;3;18
347d33b6e5785dc56109485ce720e361d0a4a675;2020-11-27T02_14_26.280Z;0;1;6;30
347d33b6e5785dc56109485ce720e361d0a4a675;2020-11-27T02_17_02.458Z;0;3;3;18
34be5a53134a4e68dae61bf2fac1ba4c91030569;2020-11-13T18_54_59.253Z;0;0;0;36
34be5a53134a4e68dae61bf2fac1ba4c91030569;2020-11-13T18_55_01.266Z;0;0;0;36
34be5a53134a4e68dae61bf2fac1ba4c91030569;2020-11-17T22_07_57.833Z;1;0;0;0
34be5a53134a4e68dae61bf2fac1ba4c91030569;2020-11-18T22_56_52.989Z;2;0;0;0
34be5a53134a4e68dae61bf2fac1ba4c91030569;2020-11-18T23_13_28.870Z;2;0;0;0
34be5a53134a4e68dae61bf2fac1ba4c91030569;2020-11-18T23_52_55.428Z;2;0;0;0
34be5a53134a4e68dae61bf2fac1ba4c91030569;2020-11-19T00_11_16.107Z;0;0;0;36
34be5a53134a4e68dae61bf2fac1ba4c91030569;2020-11-19T00_11_20.287Z;0;0;0;36
34be5a53134a4e68dae61bf2fac1ba4c91030569;2020-11-19T00_11_23.141Z;0;0;0;36
34be5a53134a4e68dae61bf2fac1ba4c91030569;2020-11-19T00_24_02.577Z;2;0;0;0
34be5a53134a4e68dae61bf2fac1ba4c91030569;2020-11-19T00_35_39.818Z;2;0;0;0
34be5a53134a4e68dae61bf2fac1ba4c91030569;2020-11-19T00_48_40.583Z;2;0;0;0
34be5a53134a4e68dae61bf2fac1ba4c91030569;2020-11-19T03_36_42.537Z;2;0;0;0
34be5a53134a4e68dae61bf2fac1ba4c91030569;2020-11-19T03_49_13.451Z;2;0;0;0
34be5a53134a4e68dae61bf2fac1ba4c91030569;2020-11-19T04_05_11.170Z;0;11;13;23
34be5a53134a4e68dae61bf2fac1ba4c91030569;2020-11-24T05_32_05.617Z;0;11;13;23
34be5a53134a4e68dae61bf2fac1ba4c91030569;2020-11-24T22_46_31.113Z;0;11;13;23
34be5a53134a4e68dae61bf2fac1ba4c91030569;2020-11-24T23_12_55.885Z;0;11;12;24
34be5a53134a4e68dae61bf2fac1ba4c91030569;2020-11-25T01_40_14.212Z;2;0;0;0
34be5a53134a4e68dae61bf2fac1ba4c91030569;2020-11-25T01_57_45.558Z;2;0;0;0
34be5a53134a4e68dae61bf2fac1ba4c91030569;2020-11-25T02_42_30.834Z;0;0;0;36
34be5a53134a4e68dae61bf2fac1ba4c91030569;2020-11-25T02_42_30.842Z;0;11;12;24
34be5a53134a4e68dae61bf2fac1ba4c91030569;2020-11-25T02_42_30.853Z;0;0;0;36
34be5a53134a4e68dae61bf2fac1ba4c91030569;2020-11-25T02_42_30.863Z;0;0;0;36
34be5a53134a4e68dae61bf2fac1ba4c91030569;2020-11-25T03_01_48.816Z;0;0;0;13
34be5a53134a4e68dae61bf2fac1ba4c91030569;2020-11-25T03_18_27.726Z;0;11;12;24
34be5a53134a4e68dae61bf2fac1ba4c91030569;2020-11-25T03_47_48.474Z;1;0;0;17
34be5a53134a4e68dae61bf2fac1ba4c91030569;2020-11-25T04_32_05.983Z;1;0;0;17
34be5a53134a4e68dae61bf2fac1ba4c91030569;2020-11-25T04_42_50.819Z;1;0;0;17
34be5a53134a4e68dae61bf2fac1ba4c91030569;2020-11-25T05_19_32.879Z;1;0;0;17
34be5a53134a4e68dae61bf2fac1ba4c91030569;2020-11-25T17_59_59.479Z;1;0;0;17
34be5a53134a4e68dae61bf2fac1ba4c91030569;2020-11-25T18_53_41.393Z;1;0;0;17
34be5a53134a4e68dae61bf2fac1ba4c91030569;2020-11-25T20_03_21.497Z;1;0;0;17
34be5a53134a4e68dae61bf2fac1ba4c91030569;2020-11-25T20_26_44.432Z;0;11;12;24
34be5a53134a4e68dae61bf2fac1ba4c91030569;2020-11-25T20_34_39.264Z;0;8;9;27
34be5a53134a4e68dae61bf2fac1ba4c91030569;2020-11-25T20_46_17.795Z;0;8;9;27
34be5a53134a4e68dae61bf2fac1ba4c91030569;2020-11-25T21_21_54.958Z;0;9;9;27
34be5a53134a4e68dae61bf2fac1ba4c91030569;2020-11-25T21_28_25.359Z;0;11;12;24
34be5a53134a4e68dae61bf2fac1ba4c91030569;2020-11-25T22_05_26.119Z;0;8;8;28
34be5a53134a4e68dae61bf2fac1ba4c91030569;2020-11-25T22_08_22.291Z;0;0;6;30
34be5a53134a4e68dae61bf2fac1ba4c91030569;2020-11-25T22_49_10.547Z;0;0;2;34
34be5a53134a4e68dae61bf2fac1ba4c91030569;2020-11-25T23_01_18.840Z;0;0;0;36
34be5a53134a4e68dae61bf2fac1ba4c91030569;2020-11-25T23_05_34.022Z;0;8;8;28
34be5a53134a4e68dae61bf2fac1ba4c91030569;2020-11-25T23_25_51.629Z;0;8;8;28
34be5a53134a4e68dae61bf2fac1ba4c91030569;2020-11-26T00_54_19.872Z;0;0;0;36
34be5a53134a4e68dae61bf2fac1ba4c91030569;2020-11-26T00_54_19.891Z;0;0;0;36
34be5a53134a4e68dae61bf2fac1ba4c91030569;2020-11-26T00_54_19.901Z;0;0;0;36
34be5a53134a4e68dae61bf2fac1ba4c91030569;2020-11-26T01_54_13.038Z;0;6;7;29
34be5a53134a4e68dae61bf2fac1ba4c91030569;2020-11-26T02_32_30.260Z;0;6;7;29
34be5a53134a4e68dae61bf2fac1ba4c91030569;2020-11-26T02_46_53.174Z;0;6;7;29
34be5a53134a4e68dae61bf2fac1ba4c91030569;2020-11-27T21_44_15.715Z;2;0;0;0
34be5a53134a4e68dae61bf2fac1ba4c91030569;2020-11-27T21_59_01.985Z;0;6;7;29
34be5a53134a4e68dae61bf2fac1ba4c91030569;2020-11-28T00_45_45.908Z;0;0;0;36
34be5a53134a4e68dae61bf2fac1ba4c91030569;2020-11-28T01_08_48.798Z;0;7;8;28
34be5a53134a4e68dae61bf2fac1ba4c91030569;2020-11-28T01_29_33.297Z;0;0;0;36
34be5a53134a4e68dae61bf2fac1ba4c91030569;2020-11-28T02_07_59.030Z;0;7;8;28
34be5a53134a4e68dae61bf2fac1ba4c91030569;2020-11-28T03_48_41.566Z;0;3;4;32
36705719323335eb34505b09f49cefde478d0252;2020-11-25T18_35_35.196Z;0;0;0;36
36705719323335eb34505b09f49cefde478d0252;2020-11-25T18_41_07.927Z;1;0;0;0
36705719323335eb34505b09f49cefde478d0252;2020-11-25T19_13_38.072Z;0;0;0;13
36705719323335eb34505b09f49cefde478d0252;2020-11-25T19_17_11.366Z;0;0;13;23
36705719323335eb34505b09f49cefde478d0252;2020-11-25T20_13_24.918Z;0;7;8;28
36705719323335eb34505b09f49cefde478d0252;2020-11-25T20_17_03.751Z;1;0;0;17
36705719323335eb34505b09f49cefde478d0252;2020-11-25T21_18_30.034Z;1;0;0;17
36705719323335eb34505b09f49cefde478d0252;2020-11-26T00_12_42.433Z;0;2;5;31
36705719323335eb34505b09f49cefde478d0252;2020-11-26T13_59_30.594Z;0;7;8;28
36705719323335eb34505b09f49cefde478d0252;2020-11-26T14_40_44.325Z;0;3;3;33
36705719323335eb34505b09f49cefde478d0252;2020-11-26T14_57_32.910Z;0;3;3;33
36705719323335eb34505b09f49cefde478d0252;2020-11-26T15_00_18.335Z;0;0;0;36
36705719323335eb34505b09f49cefde478d0252;2020-11-26T15_27_01.257Z;0;0;0;36
36705719323335eb34505b09f49cefde478d0252;2020-11-26T15_30_37.405Z;0;1;1;35
36705719323335eb34505b09f49cefde478d0252;2020-11-26T16_06_26.768Z;1;0;0;17
36705719323335eb34505b09f49cefde478d0252;2020-11-26T17_49_19.763Z;0;0;0;36
36705719323335eb34505b09f49cefde478d0252;2020-11-26T18_09_57.983Z;0;0;0;36
36705719323335eb34505b09f49cefde478d0252;2020-11-26T18_39_17.880Z;0;0;0;36
36705719323335eb34505b09f49cefde478d0252;2020-11-26T18_47_42.131Z;0;0;0;36
36e1da1b027e8da8c46ffbb07b0a8d1e7d197a86;2020-11-23T18_22_16.350Z;1;0;0;0
36e1da1b027e8da8c46ffbb07b0a8d1e7d197a86;2020-11-23T18_22_27.515Z;0;0;0;13
36e1da1b027e8da8c46ffbb07b0a8d1e7d197a86;2020-11-23T18_29_57.725Z;1;0;9;4
36e1da1b027e8da8c46ffbb07b0a8d1e7d197a86;2020-11-24T21_04_57.736Z;2;0;0;0
36e1da1b027e8da8c46ffbb07b0a8d1e7d197a86;2020-11-24T21_23_40.947Z;2;0;0;0
36e1da1b027e8da8c46ffbb07b0a8d1e7d197a86;2020-11-24T21_24_09.430Z;0;0;0;36
36e1da1b027e8da8c46ffbb07b0a8d1e7d197a86;2020-11-24T21_34_12.043Z;0;0;0;36
36e1da1b027e8da8c46ffbb07b0a8d1e7d197a86;2020-11-24T21_35_25.249Z;0;0;0;36
36e1da1b027e8da8c46ffbb07b0a8d1e7d197a86;2020-11-24T21_37_13.991Z;2;0;0;0
36e1da1b027e8da8c46ffbb07b0a8d1e7d197a86;2020-11-25T01_56_43.213Z;0;0;0;13
36e1da1b027e8da8c46ffbb07b0a8d1e7d197a86;2020-11-25T02_00_25.731Z;2;0;0;0
36e1da1b027e8da8c46ffbb07b0a8d1e7d197a86;2020-11-25T05_46_12.281Z;2;0;0;0
36e1da1b027e8da8c46ffbb07b0a8d1e7d197a86;2020-11-25T06_19_09.913Z;0;0;0;36
36e1da1b027e8da8c46ffbb07b0a8d1e7d197a86;2020-11-25T06_37_50.439Z;2;0;0;0
36e1da1b027e8da8c46ffbb07b0a8d1e7d197a86;2020-11-26T02_28_38.315Z;0;0;0;36
36e1da1b027e8da8c46ffbb07b0a8d1e7d197a86;2020-11-26T02_40_40.633Z;0;0;0;36
36e1da1b027e8da8c46ffbb07b0a8d1e7d197a86;2020-11-26T07_42_05.237Z;0;0;0;36
3822f5f3419d90d1d6abd392e34252539867b977;2020-11-24T20_32_45.768Z;1;0;0;0
3822f5f3419d90d1d6abd392e34252539867b977;2020-11-24T20_36_50.728Z;2;0;0;0
3822f5f3419d90d1d6abd392e34252539867b977;2020-11-25T20_34_37.012Z;2;0;0;0
3822f5f3419d90d1d6abd392e34252539867b977;2020-11-26T08_16_16.387Z;0;0;0;36
3822f5f3419d90d1d6abd392e34252539867b977;2020-11-26T08_16_52.505Z;0;0;0;36
3822f5f3419d90d1d6abd392e34252539867b977;2020-11-26T08_19_46.871Z;1;7;9;6
3822f5f3419d90d1d6abd392e34252539867b977;2020-11-26T09_04_23.737Z;0;2;9;27
3822f5f3419d90d1d6abd392e34252539867b977;2020-11-26T19_04_12.404Z;0;14;16;20
3822f5f3419d90d1d6abd392e34252539867b977;2020-11-26T19_11_40.625Z;0;0;0;13
3822f5f3419d90d1d6abd392e34252539867b977;2020-11-26T20_57_56.566Z;0;3;3;23
3822f5f3419d90d1d6abd392e34252539867b977;2020-11-26T21_15_35.813Z;1;0;0;17
3822f5f3419d90d1d6abd392e34252539867b977;2020-11-26T21_26_45.816Z;0;14;16;20
3822f5f3419d90d1d6abd392e34252539867b977;2020-11-26T21_34_09.367Z;0;7;11;25
3822f5f3419d90d1d6abd392e34252539867b977;2020-11-26T21_57_13.016Z;0;14;16;20
3822f5f3419d90d1d6abd392e34252539867b977;2020-11-26T22_23_27.387Z;0;7;7;29
3822f5f3419d90d1d6abd392e34252539867b977;2020-11-26T22_38_11.816Z;0;8;9;27
3822f5f3419d90d1d6abd392e34252539867b977;2020-11-26T23_13_02.690Z;0;7;9;27
3822f5f3419d90d1d6abd392e34252539867b977;2020-11-26T23_26_08.192Z;0;1;1;35
3822f5f3419d90d1d6abd392e34252539867b977;2020-11-26T23_38_31.438Z;0;7;9;27
3822f5f3419d90d1d6abd392e34252539867b977;2020-11-27T00_07_14.872Z;0;1;1;35
3822f5f3419d90d1d6abd392e34252539867b977;2020-11-27T00_09_45.380Z;0;0;0;36
3822f5f3419d90d1d6abd392e34252539867b977;2020-11-27T00_18_49.713Z;0;1;1;35
3822f5f3419d90d1d6abd392e34252539867b977;2020-11-27T01_17_52.663Z;0;0;1;35
3822f5f3419d90d1d6abd392e34252539867b977;2020-11-27T01_35_26.211Z;0;0;0;36
3822f5f3419d90d1d6abd392e34252539867b977;2020-11-27T01_51_22.657Z;0;0;1;35
3822f5f3419d90d1d6abd392e34252539867b977;2020-11-27T02_36_20.911Z;0;0;1;35
3822f5f3419d90d1d6abd392e34252539867b977;2020-11-27T03_20_58.380Z;0;0;0;36
3822f5f3419d90d1d6abd392e34252539867b977;2021-01-28T19_58_40.734Z;0;0;0;36
38a2e1976989130b93cd07a1336fb4a7f6d78ccd;2020-11-24T21_37_49.473Z;0;0;0;36
38a2e1976989130b93cd07a1336fb4a7f6d78ccd;2020-11-24T21_43_16.571Z;0;0;0;36
38a2e1976989130b93cd07a1336fb4a7f6d78ccd;2020-11-24T22_04_59.263Z;0;0;0;36
38a2e1976989130b93cd07a1336fb4a7f6d78ccd;2020-11-25T01_25_57.829Z;0;0;0;36
38a2e1976989130b93cd07a1336fb4a7f6d78ccd;2020-11-25T01_26_14.684Z;2;0;0;0
38a2e1976989130b93cd07a1336fb4a7f6d78ccd;2020-11-25T01_45_34.477Z;2;0;0;0
38a2e1976989130b93cd07a1336fb4a7f6d78ccd;2020-11-25T02_51_36.120Z;2;0;0;0
38a2e1976989130b93cd07a1336fb4a7f6d78ccd;2020-11-25T02_52_38.847Z;0;0;0;13
38a2e1976989130b93cd07a1336fb4a7f6d78ccd;2020-11-25T03_15_03.370Z;1;0;0;17
38a2e1976989130b93cd07a1336fb4a7f6d78ccd;2020-11-25T07_35_54.566Z;1;0;0;17
38a2e1976989130b93cd07a1336fb4a7f6d78ccd;2020-11-25T08_02_01.509Z;0;2;5;31
38a2e1976989130b93cd07a1336fb4a7f6d78ccd;2020-11-25T08_24_27.474Z;1;0;0;17
38a2e1976989130b93cd07a1336fb4a7f6d78ccd;2020-11-25T09_09_04.690Z;2;0;0;0
38a2e1976989130b93cd07a1336fb4a7f6d78ccd;2020-11-25T09_48_08.667Z;0;0;0;36
38a2e1976989130b93cd07a1336fb4a7f6d78ccd;2020-11-25T09_51_45.208Z;1;0;0;17
38a2e1976989130b93cd07a1336fb4a7f6d78ccd;2020-11-25T20_11_01.708Z;0;11;11;25
38a2e1976989130b93cd07a1336fb4a7f6d78ccd;2020-11-25T20_15_44.171Z;0;7;7;29
38a2e1976989130b93cd07a1336fb4a7f6d78ccd;2020-11-25T20_37_21.716Z;0;7;7;29
38a2e1976989130b93cd07a1336fb4a7f6d78ccd;2020-11-25T20_41_36.450Z;0;0;0;36
38a2e1976989130b93cd07a1336fb4a7f6d78ccd;2020-11-25T21_28_43.863Z;0;6;6;30
38a2e1976989130b93cd07a1336fb4a7f6d78ccd;2020-11-25T22_07_48.946Z;0;0;0;36
38a2e1976989130b93cd07a1336fb4a7f6d78ccd;2020-11-25T23_05_24.567Z;0;0;0;36
38da134c1fae87f8777176da8840445f10def983;2020-11-16T22_37_42.176Z;1;0;0;0
38da134c1fae87f8777176da8840445f10def983;2020-11-16T22_41_56.954Z;2;0;0;0
38da134c1fae87f8777176da8840445f10def983;2020-11-16T22_42_12.032Z;0;0;0;13
38da134c1fae87f8777176da8840445f10def983;2020-11-16T22_46_54.494Z;1;0;0;17
38da134c1fae87f8777176da8840445f10def983;2020-11-16T22_48_08.678Z;0;0;0;36
38da134c1fae87f8777176da8840445f10def983;2020-11-16T22_48_29.207Z;0;0;0;36
38da134c1fae87f8777176da8840445f10def983;2020-11-16T23_09_34.622Z;2;0;0;0
38da134c1fae87f8777176da8840445f10def983;2020-11-16T23_22_16.732Z;1;0;0;17
38da134c1fae87f8777176da8840445f10def983;2020-11-17T00_17_54.069Z;2;0;0;0
38da134c1fae87f8777176da8840445f10def983;2020-11-17T00_18_31.229Z;0;0;0;36
38da134c1fae87f8777176da8840445f10def983;2020-11-17T00_26_51.216Z;0;0;0;36
38da134c1fae87f8777176da8840445f10def983;2020-11-17T00_28_07.275Z;0;0;13;23
38da134c1fae87f8777176da8840445f10def983;2020-11-17T00_29_49.629Z;0;19;20;16
38da134c1fae87f8777176da8840445f10def983;2020-11-17T00_30_48.038Z;0;0;0;36
38da134c1fae87f8777176da8840445f10def983;2020-11-17T00_33_20.891Z;0;0;0;36
38da134c1fae87f8777176da8840445f10def983;2020-11-17T00_33_41.846Z;0;0;0;36
38da134c1fae87f8777176da8840445f10def983;2020-11-17T00_38_17.693Z;0;0;0;36
38da134c1fae87f8777176da8840445f10def983;2020-11-17T01_07_30.426Z;0;0;0;36
38da134c1fae87f8777176da8840445f10def983;2020-11-17T01_38_46.107Z;0;0;0;36
38da134c1fae87f8777176da8840445f10def983;2020-11-17T01_59_05.668Z;0;7;9;27
38da134c1fae87f8777176da8840445f10def983;2020-11-17T02_03_10.710Z;0;0;0;36
38da134c1fae87f8777176da8840445f10def983;2020-11-17T02_44_27.505Z;0;0;0;36
38da134c1fae87f8777176da8840445f10def983;2020-11-17T03_06_59.271Z;0;0;0;36
38da134c1fae87f8777176da8840445f10def983;2020-11-17T03_31_28.337Z;0;0;13;23
38da134c1fae87f8777176da8840445f10def983;2020-11-17T04_28_19.019Z;0;1;9;27
38da134c1fae87f8777176da8840445f10def983;2020-11-17T14_40_12.232Z;0;7;9;27
38da134c1fae87f8777176da8840445f10def983;2020-11-17T14_44_47.364Z;0;0;0;36
38da134c1fae87f8777176da8840445f10def983;2020-11-17T14_46_21.799Z;0;0;0;36
38da134c1fae87f8777176da8840445f10def983;2020-11-17T14_53_45.884Z;0;0;0;36
38da134c1fae87f8777176da8840445f10def983;2020-11-17T15_05_09.787Z;0;0;0;36
38da134c1fae87f8777176da8840445f10def983;2020-11-17T16_58_48.453Z;0;0;0;36
38da134c1fae87f8777176da8840445f10def983;2020-11-17T21_11_13.366Z;0;0;0;36
38da134c1fae87f8777176da8840445f10def983;2020-11-17T21_11_13.374Z;0;0;0;36
38da134c1fae87f8777176da8840445f10def983;2020-11-17T21_11_13.385Z;0;7;9;27
38da134c1fae87f8777176da8840445f10def983;2020-11-17T21_11_13.393Z;0;0;0;36
38da134c1fae87f8777176da8840445f10def983;2020-11-17T21_11_13.401Z;0;0;0;36
38da134c1fae87f8777176da8840445f10def983;2020-11-17T21_25_54.472Z;0;7;9;27
38da134c1fae87f8777176da8840445f10def983;2020-11-17T21_25_54.479Z;0;0;0;36
38da134c1fae87f8777176da8840445f10def983;2020-11-17T21_25_54.486Z;0;0;0;36
38da134c1fae87f8777176da8840445f10def983;2020-11-17T21_25_54.494Z;0;0;0;36
38da134c1fae87f8777176da8840445f10def983;2020-11-17T21_54_40.868Z;0;7;9;27
38da134c1fae87f8777176da8840445f10def983;2020-11-17T22_50_26.867Z;0;2;2;34
38da134c1fae87f8777176da8840445f10def983;2020-11-17T23_03_51.858Z;0;0;0;36
38da134c1fae87f8777176da8840445f10def983;2020-11-17T23_16_01.956Z;0;0;0;36
3932b8c4b8eceb9304e1273203288b7344a72e1c;2020-11-13T18_15_40.129Z;0;0;0;36
3932b8c4b8eceb9304e1273203288b7344a72e1c;2020-11-13T18_20_26.813Z;0;0;0;36
3932b8c4b8eceb9304e1273203288b7344a72e1c;2020-11-13T18_21_24.372Z;0;0;0;36
3932b8c4b8eceb9304e1273203288b7344a72e1c;2020-11-13T18_21_42.466Z;1;0;0;0
3932b8c4b8eceb9304e1273203288b7344a72e1c;2020-11-13T18_47_05.392Z;0;0;0;36
3932b8c4b8eceb9304e1273203288b7344a72e1c;2020-11-13T18_54_36.110Z;0;0;0;36
3932b8c4b8eceb9304e1273203288b7344a72e1c;2020-11-13T18_54_36.125Z;0;0;0;36
3932b8c4b8eceb9304e1273203288b7344a72e1c;2020-11-13T20_07_59.332Z;0;9;13;23
3932b8c4b8eceb9304e1273203288b7344a72e1c;2020-11-13T21_15_15.190Z;0;0;0;13
3932b8c4b8eceb9304e1273203288b7344a72e1c;2020-11-13T21_20_14.613Z;0;9;9;27
3932b8c4b8eceb9304e1273203288b7344a72e1c;2020-11-13T23_34_51.360Z;1;0;0;17
3932b8c4b8eceb9304e1273203288b7344a72e1c;2020-11-13T23_51_08.926Z;1;0;0;17
3932b8c4b8eceb9304e1273203288b7344a72e1c;2020-11-14T00_03_39.387Z;0;9;9;27
3932b8c4b8eceb9304e1273203288b7344a72e1c;2020-11-14T00_18_15.144Z;0;9;9;27
3932b8c4b8eceb9304e1273203288b7344a72e1c;2020-11-14T00_32_33.521Z;0;8;9;22
3932b8c4b8eceb9304e1273203288b7344a72e1c;2020-11-14T00_58_14.702Z;0;10;10;26
3932b8c4b8eceb9304e1273203288b7344a72e1c;2020-11-14T11_30_16.340Z;0;9;9;27
3932b8c4b8eceb9304e1273203288b7344a72e1c;2020-11-14T11_38_07.554Z;0;10;10;26
3932b8c4b8eceb9304e1273203288b7344a72e1c;2020-11-14T11_58_16.521Z;0;9;9;27
3932b8c4b8eceb9304e1273203288b7344a72e1c;2020-11-14T12_02_35.800Z;0;0;0;36
3932b8c4b8eceb9304e1273203288b7344a72e1c;2020-11-14T12_05_04.913Z;0;0;0;36
3932b8c4b8eceb9304e1273203288b7344a72e1c;2020-11-14T12_08_15.162Z;0;10;10;26
3932b8c4b8eceb9304e1273203288b7344a72e1c;2020-11-14T14_26_16.533Z;0;0;0;36
3932b8c4b8eceb9304e1273203288b7344a72e1c;2020-11-14T14_49_40.028Z;0;9;9;27
3932b8c4b8eceb9304e1273203288b7344a72e1c;2020-11-14T14_50_26.810Z;0;10;10;26
3932b8c4b8eceb9304e1273203288b7344a72e1c;2020-11-14T15_11_31.953Z;0;1;1;35
3932b8c4b8eceb9304e1273203288b7344a72e1c;2020-11-14T15_40_28.844Z;0;6;6;30
3932b8c4b8eceb9304e1273203288b7344a72e1c;2020-11-14T16_14_07.663Z;0;0;0;36
3932b8c4b8eceb9304e1273203288b7344a72e1c;2020-11-14T17_20_28.392Z;0;0;0;36
3932b8c4b8eceb9304e1273203288b7344a72e1c;2020-11-14T17_31_01.599Z;0;0;0;36
3932b8c4b8eceb9304e1273203288b7344a72e1c;2020-11-14T17_41_48.572Z;0;0;0;36
3932b8c4b8eceb9304e1273203288b7344a72e1c;2020-11-14T18_15_10.487Z;0;0;0;36
3932b8c4b8eceb9304e1273203288b7344a72e1c;2020-11-23T13_29_14.864Z;0;0;0;36
3932b8c4b8eceb9304e1273203288b7344a72e1c;2020-11-23T13_49_49.906Z;0;0;0;36
3932b8c4b8eceb9304e1273203288b7344a72e1c;2020-11-23T13_52_23.456Z;0;0;0;36
39d054a15ed725d77edf691e802c5b3222f42c9f;2020-11-18T01_14_37.238Z;1;0;0;0
39d054a15ed725d77edf691e802c5b3222f42c9f;2020-11-18T01_34_01.956Z;2;0;0;0
39d054a15ed725d77edf691e802c5b3222f42c9f;2020-11-18T02_26_31.054Z;0;0;0;36
39d054a15ed725d77edf691e802c5b3222f42c9f;2020-11-18T02_26_43.327Z;0;0;0;36
39d054a15ed725d77edf691e802c5b3222f42c9f;2020-11-18T02_34_11.565Z;0;0;0;13
39d054a15ed725d77edf691e802c5b3222f42c9f;2020-11-18T02_36_09.841Z;0;0;13;23
39d054a15ed725d77edf691e802c5b3222f42c9f;2020-11-18T02_52_41.530Z;0;13;13;23
39d054a15ed725d77edf691e802c5b3222f42c9f;2020-11-18T21_39_19.412Z;2;0;0;0
39d054a15ed725d77edf691e802c5b3222f42c9f;2020-11-18T23_43_15.318Z;0;2;6;30
39d054a15ed725d77edf691e802c5b3222f42c9f;2020-11-19T01_11_20.117Z;0;2;6;30
39d054a15ed725d77edf691e802c5b3222f42c9f;2020-11-19T02_06_09.538Z;0;0;0;36
39d054a15ed725d77edf691e802c5b3222f42c9f;2020-11-19T21_17_43.242Z;0;0;13;23
39d054a15ed725d77edf691e802c5b3222f42c9f;2020-11-19T23_10_32.688Z;0;0;13;23
39d054a15ed725d77edf691e802c5b3222f42c9f;2020-11-19T23_42_09.532Z;1;0;0;17
39d054a15ed725d77edf691e802c5b3222f42c9f;2020-11-20T00_31_44.080Z;0;1;11;25
39d054a15ed725d77edf691e802c5b3222f42c9f;2020-11-20T02_00_22.591Z;0;1;7;29
39d054a15ed725d77edf691e802c5b3222f42c9f;2020-11-20T02_20_24.049Z;0;1;7;29
39d054a15ed725d77edf691e802c5b3222f42c9f;2020-11-23T20_01_59.977Z;1;0;0;17
39d054a15ed725d77edf691e802c5b3222f42c9f;2020-11-23T20_45_15.664Z;0;1;1;35
39d054a15ed725d77edf691e802c5b3222f42c9f;2020-11-23T20_46_46.676Z;0;0;0;36
39d054a15ed725d77edf691e802c5b3222f42c9f;2020-11-23T20_56_19.768Z;0;0;0;36
39d054a15ed725d77edf691e802c5b3222f42c9f;2020-11-23T21_48_07.694Z;0;1;2;34
39d054a15ed725d77edf691e802c5b3222f42c9f;2020-11-23T22_36_07.680Z;0;0;0;36
39d054a15ed725d77edf691e802c5b3222f42c9f;2020-11-23T22_37_12.642Z;0;0;0;36
3d5924dc0067c7236dc1c9317ce16d9c52cd3c14;2020-11-16T06_52_26.150Z;0;0;0;13
3d5924dc0067c7236dc1c9317ce16d9c52cd3c14;2020-11-16T06_55_17.589Z;1;0;0;0
3d5924dc0067c7236dc1c9317ce16d9c52cd3c14;2020-11-16T06_55_50.889Z;1;0;0;17
3d5924dc0067c7236dc1c9317ce16d9c52cd3c14;2020-11-16T07_00_04.731Z;2;0;0;0
3d5924dc0067c7236dc1c9317ce16d9c52cd3c14;2020-11-16T07_14_49.988Z;2;0;0;0
3d5924dc0067c7236dc1c9317ce16d9c52cd3c14;2020-11-16T23_20_46.466Z;0;11;15;21
3d5924dc0067c7236dc1c9317ce16d9c52cd3c14;2020-11-17T02_20_48.969Z;0;0;13;23
3d5924dc0067c7236dc1c9317ce16d9c52cd3c14;2020-11-17T02_33_37.215Z;2;0;0;0
3d5924dc0067c7236dc1c9317ce16d9c52cd3c14;2020-11-17T03_21_52.436Z;2;0;0;0
3d5924dc0067c7236dc1c9317ce16d9c52cd3c14;2020-11-17T03_49_39.062Z;2;0;0;0
3d5924dc0067c7236dc1c9317ce16d9c52cd3c14;2020-11-17T04_20_26.717Z;0;12;14;22
3d5924dc0067c7236dc1c9317ce16d9c52cd3c14;2020-11-17T20_02_10.880Z;0;12;14;22
3d5924dc0067c7236dc1c9317ce16d9c52cd3c14;2020-11-18T02_00_35.567Z;2;0;0;0
3d5924dc0067c7236dc1c9317ce16d9c52cd3c14;2020-11-19T06_44_15.532Z;0;12;14;22
3d5924dc0067c7236dc1c9317ce16d9c52cd3c14;2020-11-23T06_49_57.832Z;0;1;8;28
3d5924dc0067c7236dc1c9317ce16d9c52cd3c14;2020-11-23T07_02_30.260Z;2;0;0;0
3d5924dc0067c7236dc1c9317ce16d9c52cd3c14;2020-11-23T07_28_10.646Z;0;1;5;31
3d5924dc0067c7236dc1c9317ce16d9c52cd3c14;2020-11-23T07_49_57.155Z;0;0;13;23
3d5924dc0067c7236dc1c9317ce16d9c52cd3c14;2020-11-24T01_57_46.458Z;0;1;9;27
3d5924dc0067c7236dc1c9317ce16d9c52cd3c14;2020-11-24T04_55_38.161Z;1;0;0;17
3d5924dc0067c7236dc1c9317ce16d9c52cd3c14;2020-11-24T05_55_34.225Z;1;0;0;17
3d5924dc0067c7236dc1c9317ce16d9c52cd3c14;2020-11-24T06_45_05.842Z;1;0;0;17
3d5924dc0067c7236dc1c9317ce16d9c52cd3c14;2020-11-24T07_25_42.913Z;1;0;0;17
3d5924dc0067c7236dc1c9317ce16d9c52cd3c14;2020-11-24T20_51_07.044Z;0;0;13;23
3d5924dc0067c7236dc1c9317ce16d9c52cd3c14;2020-11-24T21_40_24.876Z;0;0;3;33
3d5924dc0067c7236dc1c9317ce16d9c52cd3c14;2020-11-24T22_52_29.967Z;0;0;13;23
3d5924dc0067c7236dc1c9317ce16d9c52cd3c14;2020-11-25T01_55_28.434Z;0;0;0;36
3d5924dc0067c7236dc1c9317ce16d9c52cd3c14;2020-11-25T02_04_21.143Z;0;0;0;36
3d5924dc0067c7236dc1c9317ce16d9c52cd3c14;2020-11-25T02_08_11.622Z;0;0;0;36
3d5924dc0067c7236dc1c9317ce16d9c52cd3c14;2020-11-25T04_06_15.221Z;0;0;0;36
3d5924dc0067c7236dc1c9317ce16d9c52cd3c14;2020-11-25T04_06_21.128Z;0;0;0;36
3d5924dc0067c7236dc1c9317ce16d9c52cd3c14;2020-11-25T04_28_40.835Z;0;0;0;36
3d5924dc0067c7236dc1c9317ce16d9c52cd3c14;2020-11-25T20_33_08.662Z;0;0;0;36
3d5924dc0067c7236dc1c9317ce16d9c52cd3c14;2020-11-25T20_51_35.741Z;0;0;0;36
3d5924dc0067c7236dc1c9317ce16d9c52cd3c14;2020-11-25T21_05_19.664Z;0;0;0;36
3d5924dc0067c7236dc1c9317ce16d9c52cd3c14;2020-11-25T21_11_01.459Z;0;0;0;36
3e11348b68914f93fc74cde47fbcf05cc4b2867d;2020-11-25T09_45_05.649Z;1;0;0;0
3e11348b68914f93fc74cde47fbcf05cc4b2867d;2020-11-25T10_46_28.491Z;0;0;0;13
3e11348b68914f93fc74cde47fbcf05cc4b2867d;2020-11-25T10_51_20.084Z;0;0;13;23
3e11348b68914f93fc74cde47fbcf05cc4b2867d;2020-11-25T11_24_13.746Z;0;0;0;36
3e11348b68914f93fc74cde47fbcf05cc4b2867d;2020-11-26T02_00_06.895Z;1;0;0;17
3e11348b68914f93fc74cde47fbcf05cc4b2867d;2020-11-26T02_24_17.021Z;0;0;0;36
3e11348b68914f93fc74cde47fbcf05cc4b2867d;2020-11-26T02_45_53.568Z;0;0;6;30
3e11348b68914f93fc74cde47fbcf05cc4b2867d;2020-11-26T03_51_19.423Z;0;0;0;36
3e11348b68914f93fc74cde47fbcf05cc4b2867d;2020-11-26T04_32_32.927Z;0;0;0;36
3e11348b68914f93fc74cde47fbcf05cc4b2867d;2020-11-26T04_51_35.431Z;0;0;0;36
3e153ba5e93176a5402d30722e402771b771bf55;2020-11-18T17_12_23.067Z;0;0;0;36
3e153ba5e93176a5402d30722e402771b771bf55;2020-11-18T17_12_24.717Z;0;0;0;36
3e153ba5e93176a5402d30722e402771b771bf55;2020-11-18T17_13_14.347Z;1;0;0;0
3e153ba5e93176a5402d30722e402771b771bf55;2020-11-18T17_14_05.556Z;0;0;0;36
3e153ba5e93176a5402d30722e402771b771bf55;2020-11-18T17_14_47.128Z;2;0;0;0
3e153ba5e93176a5402d30722e402771b771bf55;2020-11-18T17_15_09.898Z;0;0;0;13
3e153ba5e93176a5402d30722e402771b771bf55;2020-11-18T17_15_56.063Z;1;0;0;17
3e153ba5e93176a5402d30722e402771b771bf55;2020-11-18T17_39_01.136Z;2;0;0;0
3e153ba5e93176a5402d30722e402771b771bf55;2020-11-18T17_58_00.487Z;2;0;0;0
3e153ba5e93176a5402d30722e402771b771bf55;2020-11-22T21_31_25.766Z;2;0;0;0
3e153ba5e93176a5402d30722e402771b771bf55;2020-11-22T23_46_30.695Z;2;0;0;0
3e153ba5e93176a5402d30722e402771b771bf55;2020-11-23T00_30_38.567Z;0;0;0;36
3e153ba5e93176a5402d30722e402771b771bf55;2020-11-23T00_30_38.575Z;1;0;0;17
3e153ba5e93176a5402d30722e402771b771bf55;2020-11-23T00_30_38.588Z;0;0;0;36
3e153ba5e93176a5402d30722e402771b771bf55;2020-11-23T00_30_38.597Z;2;0;0;0
3e153ba5e93176a5402d30722e402771b771bf55;2020-11-23T00_30_38.607Z;0;0;0;36
3e153ba5e93176a5402d30722e402771b771bf55;2020-11-23T00_53_48.353Z;1;0;0;17
3e153ba5e93176a5402d30722e402771b771bf55;2020-11-23T00_53_48.374Z;0;0;0;36
3e153ba5e93176a5402d30722e402771b771bf55;2020-11-23T01_00_18.334Z;2;0;0;0
3e153ba5e93176a5402d30722e402771b771bf55;2020-11-23T01_45_51.385Z;2;0;0;0
3e153ba5e93176a5402d30722e402771b771bf55;2020-11-23T02_25_55.748Z;2;0;0;0
3e153ba5e93176a5402d30722e402771b771bf55;2020-11-23T14_14_08.903Z;2;0;0;0
3e153ba5e93176a5402d30722e402771b771bf55;2020-11-23T14_38_30.846Z;2;0;0;0
3e153ba5e93176a5402d30722e402771b771bf55;2020-11-23T15_27_48.615Z;0;0;13;23
3e153ba5e93176a5402d30722e402771b771bf55;2020-11-23T15_40_09.743Z;0;15;15;21
3e153ba5e93176a5402d30722e402771b771bf55;2020-11-23T16_57_47.304Z;0;15;15;21
3e153ba5e93176a5402d30722e402771b771bf55;2020-11-23T20_27_33.693Z;0;8;9;27
3e153ba5e93176a5402d30722e402771b771bf55;2020-11-23T21_03_52.852Z;0;4;8;28
3e153ba5e93176a5402d30722e402771b771bf55;2020-11-23T21_20_51.491Z;0;4;8;28
3e153ba5e93176a5402d30722e402771b771bf55;2020-11-23T21_38_11.188Z;0;0;13;23
3e153ba5e93176a5402d30722e402771b771bf55;2020-11-23T21_57_22.547Z;0;3;3;33
3e153ba5e93176a5402d30722e402771b771bf55;2020-11-23T22_53_11.786Z;0;0;0;36
3e153ba5e93176a5402d30722e402771b771bf55;2020-11-24T01_16_40.665Z;0;0;0;36
3e153ba5e93176a5402d30722e402771b771bf55;2020-11-24T02_04_34.856Z;0;0;13;23
3e153ba5e93176a5402d30722e402771b771bf55;2020-11-24T11_59_40.971Z;0;0;0;36
3e153ba5e93176a5402d30722e402771b771bf55;2020-11-24T12_01_17.061Z;1;0;0;17
3e153ba5e93176a5402d30722e402771b771bf55;2020-11-24T12_33_36.059Z;0;0;12;24
3e153ba5e93176a5402d30722e402771b771bf55;2020-11-24T13_44_25.181Z;0;0;11;25
3e153ba5e93176a5402d30722e402771b771bf55;2020-11-24T14_08_07.166Z;1;0;0;17
3e153ba5e93176a5402d30722e402771b771bf55;2020-11-24T14_53_05.017Z;1;0;0;17
3e153ba5e93176a5402d30722e402771b771bf55;2020-11-24T18_01_56.772Z;1;0;0;17
3e153ba5e93176a5402d30722e402771b771bf55;2020-11-24T18_31_52.045Z;1;0;0;17
3e153ba5e93176a5402d30722e402771b771bf55;2020-11-24T20_58_23.356Z;1;0;0;17
3e153ba5e93176a5402d30722e402771b771bf55;2020-11-24T21_16_47.747Z;0;0;0;36
3e153ba5e93176a5402d30722e402771b771bf55;2020-11-24T21_27_08.829Z;1;0;0;17
3e153ba5e93176a5402d30722e402771b771bf55;2020-11-24T21_40_04.210Z;0;0;1;35
3e153ba5e93176a5402d30722e402771b771bf55;2020-11-24T22_21_21.779Z;0;0;0;36
3e153ba5e93176a5402d30722e402771b771bf55;2020-11-24T22_42_11.695Z;0;0;0;36
3e153ba5e93176a5402d30722e402771b771bf55;2020-11-24T22_43_37.095Z;0;0;0;36
3e153ba5e93176a5402d30722e402771b771bf55;2020-11-25T03_46_29.380Z;0;0;0;36
3e153ba5e93176a5402d30722e402771b771bf55;2020-11-25T13_28_04.810Z;0;0;0;36
3e153ba5e93176a5402d30722e402771b771bf55;2020-11-26T00_37_14.310Z;0;0;0;36
406d5a7eb8631d2290294c40711318b956ed54fd;2020-11-22T17_29_13.345Z;1;0;0;0
406d5a7eb8631d2290294c40711318b956ed54fd;2020-11-22T17_31_33.886Z;0;0;15;21
406d5a7eb8631d2290294c40711318b956ed54fd;2020-11-22T17_32_10.846Z;0;0;0;13
406d5a7eb8631d2290294c40711318b956ed54fd;2020-11-22T17_33_27.007Z;0;0;13;23
406d5a7eb8631d2290294c40711318b956ed54fd;2020-11-23T15_21_10.754Z;0;5;10;26
406d5a7eb8631d2290294c40711318b956ed54fd;2020-11-23T15_57_14.175Z;0;5;10;26
406d5a7eb8631d2290294c40711318b956ed54fd;2020-11-23T16_18_19.256Z;0;0;13;23
406d5a7eb8631d2290294c40711318b956ed54fd;2020-11-24T22_14_35.114Z;0;9;13;23
406d5a7eb8631d2290294c40711318b956ed54fd;2020-11-24T22_20_52.073Z;0;5;10;26
406d5a7eb8631d2290294c40711318b956ed54fd;2020-11-25T18_01_50.809Z;0;9;13;23
406d5a7eb8631d2290294c40711318b956ed54fd;2020-11-25T18_28_09.369Z;2;0;0;0
406d5a7eb8631d2290294c40711318b956ed54fd;2020-11-25T18_45_22.822Z;0;5;10;26
406d5a7eb8631d2290294c40711318b956ed54fd;2020-11-25T19_30_01.800Z;0;9;13;23
406d5a7eb8631d2290294c40711318b956ed54fd;2020-11-25T19_32_58.730Z;0;5;9;27
406d5a7eb8631d2290294c40711318b956ed54fd;2020-11-25T20_21_35.080Z;0;9;13;23
406d5a7eb8631d2290294c40711318b956ed54fd;2020-11-25T20_21_53.695Z;0;5;9;27
406d5a7eb8631d2290294c40711318b956ed54fd;2020-11-25T20_49_02.978Z;2;0;0;0
406d5a7eb8631d2290294c40711318b956ed54fd;2020-11-25T22_10_06.748Z;0;2;10;26
406d5a7eb8631d2290294c40711318b956ed54fd;2020-11-25T22_33_52.760Z;0;16;18;18
406d5a7eb8631d2290294c40711318b956ed54fd;2020-11-25T22_35_17.128Z;1;0;0;17
406d5a7eb8631d2290294c40711318b956ed54fd;2020-11-26T08_43_47.086Z;0;9;13;23
406d5a7eb8631d2290294c40711318b956ed54fd;2020-11-26T08_57_45.640Z;0;9;13;23
406d5a7eb8631d2290294c40711318b956ed54fd;2020-11-26T09_46_36.339Z;0;1;9;27
406d5a7eb8631d2290294c40711318b956ed54fd;2020-11-26T12_31_45.516Z;0;1;9;27
406d5a7eb8631d2290294c40711318b956ed54fd;2020-11-26T16_52_59.404Z;0;1;9;27
406d5a7eb8631d2290294c40711318b956ed54fd;2020-11-26T18_54_11.846Z;0;1;8;28
406d5a7eb8631d2290294c40711318b956ed54fd;2020-11-26T20_02_10.217Z;0;10;14;22
406d5a7eb8631d2290294c40711318b956ed54fd;2020-11-26T20_41_31.734Z;0;1;8;28
406d5a7eb8631d2290294c40711318b956ed54fd;2020-11-26T20_42_02.808Z;0;7;10;26
406d5a7eb8631d2290294c40711318b956ed54fd;2020-11-27T12_30_15.359Z;0;1;8;28
406d5a7eb8631d2290294c40711318b956ed54fd;2020-11-27T12_41_54.748Z;1;0;0;17
406d5a7eb8631d2290294c40711318b956ed54fd;2020-11-27T13_52_21.131Z;1;0;0;17
406d5a7eb8631d2290294c40711318b956ed54fd;2020-11-27T15_18_58.590Z;0;1;8;28
406d5a7eb8631d2290294c40711318b956ed54fd;2020-11-27T15_58_14.724Z;0;5;10;26
406d5a7eb8631d2290294c40711318b956ed54fd;2020-11-27T16_17_57.209Z;0;5;10;26
406d5a7eb8631d2290294c40711318b956ed54fd;2020-11-27T17_05_25.918Z;0;5;8;28
406d5a7eb8631d2290294c40711318b956ed54fd;2020-11-27T17_16_09.055Z;0;1;8;28
406d5a7eb8631d2290294c40711318b956ed54fd;2020-11-27T17_18_20.503Z;0;5;8;28
406d5a7eb8631d2290294c40711318b956ed54fd;2020-11-27T18_29_36.161Z;0;3;8;28
406d5a7eb8631d2290294c40711318b956ed54fd;2020-11-27T18_44_43.963Z;0;0;4;32
406d5a7eb8631d2290294c40711318b956ed54fd;2020-11-27T19_14_57.825Z;0;0;2;34
406d5a7eb8631d2290294c40711318b956ed54fd;2020-11-27T19_23_38.404Z;0;1;7;29
406d5a7eb8631d2290294c40711318b956ed54fd;2020-11-27T20_12_43.464Z;0;0;2;34
406d5a7eb8631d2290294c40711318b956ed54fd;2020-11-27T20_53_59.756Z;0;0;2;34
406d5a7eb8631d2290294c40711318b956ed54fd;2020-11-27T20_55_19.502Z;0;0;4;32
409cbf4bc16c594da820d29c743f14a10e7919f1;2020-11-16T14_54_44.207Z;0;0;0;36
409cbf4bc16c594da820d29c743f14a10e7919f1;2020-11-16T15_00_48.586Z;0;0;0;36
409cbf4bc16c594da820d29c743f14a10e7919f1;2020-11-16T15_01_52.897Z;0;0;0;13
409cbf4bc16c594da820d29c743f14a10e7919f1;2020-11-16T15_02_42.174Z;1;0;0;17
409cbf4bc16c594da820d29c743f14a10e7919f1;2020-11-16T15_15_13.140Z;0;0;0;36
409cbf4bc16c594da820d29c743f14a10e7919f1;2020-11-16T15_43_08.696Z;0;0;15;21
409cbf4bc16c594da820d29c743f14a10e7919f1;2020-11-16T15_49_30.315Z;0;0;0;36
409cbf4bc16c594da820d29c743f14a10e7919f1;2020-11-16T17_01_40.472Z;0;0;0;36
409cbf4bc16c594da820d29c743f14a10e7919f1;2020-11-16T17_54_31.589Z;0;0;0;36
409cbf4bc16c594da820d29c743f14a10e7919f1;2020-11-18T23_11_31.881Z;0;0;0;36
409cbf4bc16c594da820d29c743f14a10e7919f1;2020-11-18T23_11_54.142Z;2;0;0;0
409cbf4bc16c594da820d29c743f14a10e7919f1;2020-11-18T23_16_30.343Z;2;0;0;0
409cbf4bc16c594da820d29c743f14a10e7919f1;2020-11-19T00_11_26.557Z;0;12;12;24
409cbf4bc16c594da820d29c743f14a10e7919f1;2020-11-23T01_22_26.206Z;0;1;5;31
409cbf4bc16c594da820d29c743f14a10e7919f1;2020-11-23T03_17_12.761Z;0;2;10;26
409cbf4bc16c594da820d29c743f14a10e7919f1;2020-11-23T03_40_49.771Z;0;2;10;26
409cbf4bc16c594da820d29c743f14a10e7919f1;2020-11-23T04_07_26.664Z;1;0;0;17
409cbf4bc16c594da820d29c743f14a10e7919f1;2020-11-23T05_12_32.774Z;0;4;9;27
409cbf4bc16c594da820d29c743f14a10e7919f1;2020-11-25T00_56_23.663Z;0;4;6;30
409cbf4bc16c594da820d29c743f14a10e7919f1;2020-11-25T04_48_46.958Z;0;4;6;30
409cbf4bc16c594da820d29c743f14a10e7919f1;2020-11-25T04_51_51.390Z;0;1;5;31
409cbf4bc16c594da820d29c743f14a10e7919f1;2020-11-25T05_08_53.471Z;0;1;1;35
409cbf4bc16c594da820d29c743f14a10e7919f1;2020-11-25T05_19_38.357Z;1;0;0;17
409cbf4bc16c594da820d29c743f14a10e7919f1;2020-11-25T06_24_43.930Z;0;1;1;35
409cbf4bc16c594da820d29c743f14a10e7919f1;2020-11-25T06_35_13.465Z;0;4;6;30
409cbf4bc16c594da820d29c743f14a10e7919f1;2020-11-25T06_37_43.116Z;0;1;1;35
409cbf4bc16c594da820d29c743f14a10e7919f1;2020-11-25T16_05_55.802Z;0;4;6;30
409cbf4bc16c594da820d29c743f14a10e7919f1;2020-11-25T16_09_24.816Z;2;0;0;0
409cbf4bc16c594da820d29c743f14a10e7919f1;2020-11-25T17_01_15.367Z;0;1;1;35
409cbf4bc16c594da820d29c743f14a10e7919f1;2020-11-25T21_03_26.601Z;0;8;10;26
409cbf4bc16c594da820d29c743f14a10e7919f1;2020-11-25T21_18_08.373Z;0;0;0;36
409cbf4bc16c594da820d29c743f14a10e7919f1;2020-11-25T21_30_23.541Z;0;7;9;27
409cbf4bc16c594da820d29c743f14a10e7919f1;2020-11-25T23_49_22.132Z;0;0;0;36
409cbf4bc16c594da820d29c743f14a10e7919f1;2020-11-25T23_51_10.778Z;0;0;0;36
4128c27a816942a5871946e8691a7183b59429a9;2020-11-15T23_51_19.086Z;1;0;0;0
4128c27a816942a5871946e8691a7183b59429a9;2020-11-15T23_51_27.972Z;1;0;0;0
4128c27a816942a5871946e8691a7183b59429a9;2020-11-18T03_13_42.281Z;1;4;4;0
4128c27a816942a5871946e8691a7183b59429a9;2020-11-18T03_35_09.375Z;2;0;0;0
4128c27a816942a5871946e8691a7183b59429a9;2020-11-18T04_15_57.135Z;2;0;0;0
4128c27a816942a5871946e8691a7183b59429a9;2020-11-18T20_22_42.099Z;0;0;0;13
4128c27a816942a5871946e8691a7183b59429a9;2020-11-18T20_22_52.321Z;0;0;0;17
4128c27a816942a5871946e8691a7183b59429a9;2020-11-18T20_23_56.305Z;0;0;0;36
4128c27a816942a5871946e8691a7183b59429a9;2020-11-18T20_24_38.560Z;0;0;0;36
4128c27a816942a5871946e8691a7183b59429a9;2020-11-18T20_27_24.400Z;0;0;0;36
4128c27a816942a5871946e8691a7183b59429a9;2020-11-18T20_27_49.078Z;0;0;0;36
4128c27a816942a5871946e8691a7183b59429a9;2020-11-18T22_00_22.954Z;0;5;9;22
4128c27a816942a5871946e8691a7183b59429a9;2020-11-19T00_56_43.590Z;0;1;5;26
4128c27a816942a5871946e8691a7183b59429a9;2020-11-19T03_40_10.359Z;0;1;5;26
4128c27a816942a5871946e8691a7183b59429a9;2020-11-20T00_29_13.255Z;0;0;0;17
4128c27a816942a5871946e8691a7183b59429a9;2020-11-20T01_21_43.377Z;1;0;0;17
4128c27a816942a5871946e8691a7183b59429a9;2020-11-20T01_52_49.094Z;0;0;0;21
4128c27a816942a5871946e8691a7183b59429a9;2020-11-22T21_57_34.642Z;1;0;0;17
4128c27a816942a5871946e8691a7183b59429a9;2020-11-22T23_18_20.820Z;1;0;0;17
4128c27a816942a5871946e8691a7183b59429a9;2020-11-22T23_43_22.456Z;0;0;1;25
4128c27a816942a5871946e8691a7183b59429a9;2020-11-23T06_11_14.565Z;0;1;2;24
4128c27a816942a5871946e8691a7183b59429a9;2020-11-23T06_45_17.200Z;0;0;0;36
4128c27a816942a5871946e8691a7183b59429a9;2020-11-23T07_21_39.848Z;0;0;0;26
4128c27a816942a5871946e8691a7183b59429a9;2020-11-24T00_04_47.551Z;0;0;0;36
4128c27a816942a5871946e8691a7183b59429a9;2020-11-24T00_15_45.461Z;0;2;3;28
4128c27a816942a5871946e8691a7183b59429a9;2020-11-24T00_55_47.345Z;0;0;0;36
4128c27a816942a5871946e8691a7183b59429a9;2020-11-24T17_30_35.089Z;0;0;0;36
4128c27a816942a5871946e8691a7183b59429a9;2020-11-24T17_37_59.202Z;0;0;0;36
4128c27a816942a5871946e8691a7183b59429a9;2020-11-25T21_22_34.012Z;0;0;0;36
4128c27a816942a5871946e8691a7183b59429a9;2020-11-25T22_33_27.446Z;0;0;0;36
4128c27a816942a5871946e8691a7183b59429a9;2020-11-25T22_43_43.536Z;0;0;0;36
4128c27a816942a5871946e8691a7183b59429a9;2020-11-25T23_21_04.242Z;0;0;0;36
4128c27a816942a5871946e8691a7183b59429a9;2020-11-25T23_26_13.419Z;0;0;0;36
42fe0cd21665026551f4802887b10b11b48e883a;2020-11-16T18_12_04.897Z;0;0;0;36
42fe0cd21665026551f4802887b10b11b48e883a;2020-11-18T01_49_54.469Z;0;0;0;36
42fe0cd21665026551f4802887b10b11b48e883a;2020-11-18T01_52_07.223Z;0;0;0;36
42fe0cd21665026551f4802887b10b11b48e883a;2020-11-18T14_16_48.103Z;0;0;0;36
42fe0cd21665026551f4802887b10b11b48e883a;2020-11-18T14_56_20.742Z;0;0;0;36
42fe0cd21665026551f4802887b10b11b48e883a;2020-11-18T17_32_52.905Z;0;0;0;36
42fe0cd21665026551f4802887b10b11b48e883a;2020-11-18T17_48_47.345Z;0;0;0;36
42fe0cd21665026551f4802887b10b11b48e883a;2020-11-18T17_48_58.219Z;2;0;0;0
42fe0cd21665026551f4802887b10b11b48e883a;2020-11-18T17_50_14.677Z;0;0;0;13
42fe0cd21665026551f4802887b10b11b48e883a;2020-11-18T17_51_59.142Z;0;0;14;22
42fe0cd21665026551f4802887b10b11b48e883a;2020-11-18T17_52_27.051Z;0;15;15;21
42fe0cd21665026551f4802887b10b11b48e883a;2020-11-18T18_42_17.372Z;0;4;9;27
42fe0cd21665026551f4802887b10b11b48e883a;2020-11-18T19_24_10.381Z;0;4;8;28
42fe0cd21665026551f4802887b10b11b48e883a;2020-11-18T19_44_18.810Z;0;4;4;32
42fe0cd21665026551f4802887b10b11b48e883a;2020-11-23T18_01_52.346Z;1;0;0;17
42fe0cd21665026551f4802887b10b11b48e883a;2020-11-23T18_49_47.845Z;0;0;14;22
42fe0cd21665026551f4802887b10b11b48e883a;2020-11-23T19_43_06.773Z;0;3;13;23
42fe0cd21665026551f4802887b10b11b48e883a;2020-11-23T21_14_45.458Z;0;1;11;25
42fe0cd21665026551f4802887b10b11b48e883a;2020-11-23T22_02_03.198Z;0;3;10;26
42fe0cd21665026551f4802887b10b11b48e883a;2020-11-24T15_27_35.834Z;0;1;7;29
42fe0cd21665026551f4802887b10b11b48e883a;2020-11-24T15_44_14.458Z;1;0;0;17
42fe0cd21665026551f4802887b10b11b48e883a;2020-11-24T16_06_18.383Z;1;0;0;17
42fe0cd21665026551f4802887b10b11b48e883a;2020-11-24T16_39_25.649Z;1;0;0;17
42fe0cd21665026551f4802887b10b11b48e883a;2020-11-25T18_50_03.893Z;0;4;4;32
42fe0cd21665026551f4802887b10b11b48e883a;2020-11-25T18_50_13.394Z;0;1;1;35
42fe0cd21665026551f4802887b10b11b48e883a;2020-11-25T19_34_06.155Z;0;4;4;32
42fe0cd21665026551f4802887b10b11b48e883a;2020-11-25T19_34_39.942Z;0;0;0;36
42fe0cd21665026551f4802887b10b11b48e883a;2020-11-25T19_37_18.031Z;0;1;1;35
42fe0cd21665026551f4802887b10b11b48e883a;2020-11-25T20_36_35.827Z;0;1;1;35
42fe0cd21665026551f4802887b10b11b48e883a;2020-11-25T20_40_28.915Z;0;4;4;32
42fe0cd21665026551f4802887b10b11b48e883a;2020-11-25T20_55_58.268Z;0;4;4;32
42fe0cd21665026551f4802887b10b11b48e883a;2020-11-25T20_56_44.671Z;0;1;1;35
42fe0cd21665026551f4802887b10b11b48e883a;2020-11-25T21_17_35.782Z;0;1;1;35
42fe0cd21665026551f4802887b10b11b48e883a;2020-11-25T21_32_46.521Z;0;1;1;35
42fe0cd21665026551f4802887b10b11b48e883a;2020-11-25T21_39_17.917Z;2;0;0;0
42fe0cd21665026551f4802887b10b11b48e883a;2020-11-25T21_58_40.535Z;2;0;0;0
42fe0cd21665026551f4802887b10b11b48e883a;2020-11-25T22_58_09.868Z;0;1;1;35
42fe0cd21665026551f4802887b10b11b48e883a;2020-11-25T23_43_45.196Z;0;0;0;36
42fe0cd21665026551f4802887b10b11b48e883a;2020-11-26T00_02_48.579Z;0;0;0;36
432d6f1cb419a77afaef67325d541f506d80cec7;2020-11-13T18_54_26.623Z;0;0;0;36
432d6f1cb419a77afaef67325d541f506d80cec7;2020-11-13T18_54_31.987Z;0;0;0;36
432d6f1cb419a77afaef67325d541f506d80cec7;2020-11-13T18_55_07.801Z;1;0;0;0
432d6f1cb419a77afaef67325d541f506d80cec7;2020-11-13T18_57_01.089Z;0;0;0;13
432d6f1cb419a77afaef67325d541f506d80cec7;2020-11-13T18_59_18.319Z;0;0;13;23
432d6f1cb419a77afaef67325d541f506d80cec7;2020-11-13T19_57_36.991Z;0;6;9;27
432d6f1cb419a77afaef67325d541f506d80cec7;2020-11-13T21_04_30.813Z;0;2;9;27
432d6f1cb419a77afaef67325d541f506d80cec7;2020-11-14T13_29_17.819Z;0;0;0;36
432d6f1cb419a77afaef67325d541f506d80cec7;2020-11-14T13_31_00.609Z;0;0;0;36
432d6f1cb419a77afaef67325d541f506d80cec7;2020-11-14T13_31_00.625Z;0;0;0;36
432d6f1cb419a77afaef67325d541f506d80cec7;2020-11-14T13_31_00.633Z;0;0;0;36
432d6f1cb419a77afaef67325d541f506d80cec7;2020-11-14T13_33_51.509Z;0;6;9;27
432d6f1cb419a77afaef67325d541f506d80cec7;2020-11-14T13_57_28.613Z;0;6;9;27
432d6f1cb419a77afaef67325d541f506d80cec7;2020-11-14T14_24_25.156Z;0;3;4;32
432d6f1cb419a77afaef67325d541f506d80cec7;2020-11-14T14_36_41.807Z;0;1;1;35
432d6f1cb419a77afaef67325d541f506d80cec7;2020-11-14T14_57_04.579Z;0;3;3;33
432d6f1cb419a77afaef67325d541f506d80cec7;2020-11-17T16_39_31.622Z;0;0;0;36
432d6f1cb419a77afaef67325d541f506d80cec7;2020-11-17T16_43_07.899Z;0;3;3;33
432d6f1cb419a77afaef67325d541f506d80cec7;2020-11-18T13_28_00.053Z;0;0;0;36
43ddbe9de85fe609a1ecc56a76dbcddb0f52d8c1;2020-11-21T05_41_32.849Z;1;0;0;0
43ddbe9de85fe609a1ecc56a76dbcddb0f52d8c1;2020-11-21T05_43_36.220Z;2;0;0;0
43ddbe9de85fe609a1ecc56a76dbcddb0f52d8c1;2020-11-21T06_51_18.408Z;2;0;0;0
43ddbe9de85fe609a1ecc56a76dbcddb0f52d8c1;2020-11-22T02_37_15.373Z;2;0;0;0
43ddbe9de85fe609a1ecc56a76dbcddb0f52d8c1;2020-11-22T03_36_32.090Z;0;0;0;36
43ddbe9de85fe609a1ecc56a76dbcddb0f52d8c1;2020-11-22T03_39_46.171Z;0;0;0;36
43ddbe9de85fe609a1ecc56a76dbcddb0f52d8c1;2020-11-22T03_40_02.488Z;0;0;0;36
43ddbe9de85fe609a1ecc56a76dbcddb0f52d8c1;2020-11-22T03_40_26.141Z;0;0;0;36
43ddbe9de85fe609a1ecc56a76dbcddb0f52d8c1;2020-11-22T03_43_19.948Z;0;14;14;22
43ddbe9de85fe609a1ecc56a76dbcddb0f52d8c1;2020-11-22T04_24_50.937Z;0;14;14;22
43ddbe9de85fe609a1ecc56a76dbcddb0f52d8c1;2020-11-22T04_53_47.732Z;0;3;12;24
43ddbe9de85fe609a1ecc56a76dbcddb0f52d8c1;2020-11-22T05_46_06.916Z;0;3;7;29
43ddbe9de85fe609a1ecc56a76dbcddb0f52d8c1;2020-11-22T05_59_25.506Z;0;3;7;29
43ddbe9de85fe609a1ecc56a76dbcddb0f52d8c1;2020-11-22T06_09_49.147Z;0;0;0;13
43ddbe9de85fe609a1ecc56a76dbcddb0f52d8c1;2020-11-22T07_42_33.525Z;0;2;12;24
43ddbe9de85fe609a1ecc56a76dbcddb0f52d8c1;2020-11-22T08_20_03.414Z;0;3;5;31
43ddbe9de85fe609a1ecc56a76dbcddb0f52d8c1;2020-11-22T08_29_06.579Z;0;0;6;30
43ddbe9de85fe609a1ecc56a76dbcddb0f52d8c1;2020-11-22T08_43_16.589Z;0;14;14;22
43ddbe9de85fe609a1ecc56a76dbcddb0f52d8c1;2020-11-22T08_59_04.623Z;0;0;4;32
43ddbe9de85fe609a1ecc56a76dbcddb0f52d8c1;2020-11-22T09_28_06.911Z;1;0;0;17
43ddbe9de85fe609a1ecc56a76dbcddb0f52d8c1;2020-11-22T21_44_40.225Z;0;0;0;36
43ddbe9de85fe609a1ecc56a76dbcddb0f52d8c1;2020-11-22T21_46_58.424Z;0;4;5;31
43ddbe9de85fe609a1ecc56a76dbcddb0f52d8c1;2020-11-22T21_50_35.502Z;0;0;0;36
43ddbe9de85fe609a1ecc56a76dbcddb0f52d8c1;2020-11-22T21_50_44.597Z;0;0;0;36
43ddbe9de85fe609a1ecc56a76dbcddb0f52d8c1;2020-11-22T22_03_32.237Z;0;0;0;36
43ddbe9de85fe609a1ecc56a76dbcddb0f52d8c1;2020-11-22T22_15_18.937Z;0;4;5;31
43ddbe9de85fe609a1ecc56a76dbcddb0f52d8c1;2020-11-22T22_34_29.132Z;0;4;5;31
43ddbe9de85fe609a1ecc56a76dbcddb0f52d8c1;2020-11-22T22_35_37.456Z;0;0;0;36
43ddbe9de85fe609a1ecc56a76dbcddb0f52d8c1;2020-11-22T23_08_10.267Z;0;3;3;33
43ddbe9de85fe609a1ecc56a76dbcddb0f52d8c1;2020-11-22T23_52_28.068Z;0;2;2;34
43ddbe9de85fe609a1ecc56a76dbcddb0f52d8c1;2020-11-23T00_54_02.682Z;0;0;0;36
43ddbe9de85fe609a1ecc56a76dbcddb0f52d8c1;2020-11-23T01_02_07.810Z;0;0;0;36
444500e9b1f9ba58a2d0653d8ccdb0cf46debca7;2020-11-24T23_19_34.795Z;0;0;0;36
444500e9b1f9ba58a2d0653d8ccdb0cf46debca7;2020-11-24T23_27_15.100Z;0;0;0;36
444500e9b1f9ba58a2d0653d8ccdb0cf46debca7;2020-11-24T23_27_34.133Z;0;6;17;19
444500e9b1f9ba58a2d0653d8ccdb0cf46debca7;2020-11-24T23_27_51.486Z;0;0;0;13
444500e9b1f9ba58a2d0653d8ccdb0cf46debca7;2020-11-24T23_32_10.534Z;1;0;0;17
444500e9b1f9ba58a2d0653d8ccdb0cf46debca7;2020-11-24T23_32_18.414Z;0;6;17;19
444500e9b1f9ba58a2d0653d8ccdb0cf46debca7;2020-11-25T00_50_22.834Z;0;0;13;23
444500e9b1f9ba58a2d0653d8ccdb0cf46debca7;2020-11-25T01_02_51.331Z;0;12;12;24
444500e9b1f9ba58a2d0653d8ccdb0cf46debca7;2020-11-25T02_02_45.950Z;0;0;0;36
444500e9b1f9ba58a2d0653d8ccdb0cf46debca7;2020-11-25T02_30_58.960Z;1;0;0;17
444500e9b1f9ba58a2d0653d8ccdb0cf46debca7;2020-11-25T03_26_16.988Z;0;0;0;36
444500e9b1f9ba58a2d0653d8ccdb0cf46debca7;2020-11-25T03_52_27.878Z;0;0;0;36
444500e9b1f9ba58a2d0653d8ccdb0cf46debca7;2020-11-25T03_53_23.838Z;0;0;7;29
444500e9b1f9ba58a2d0653d8ccdb0cf46debca7;2020-11-25T15_59_16.576Z;0;0;0;36
444500e9b1f9ba58a2d0653d8ccdb0cf46debca7;2020-11-25T16_06_45.953Z;0;1;5;31
444500e9b1f9ba58a2d0653d8ccdb0cf46debca7;2020-11-25T16_18_15.471Z;0;0;0;36
444500e9b1f9ba58a2d0653d8ccdb0cf46debca7;2020-11-25T17_08_56.616Z;0;0;1;35
444500e9b1f9ba58a2d0653d8ccdb0cf46debca7;2020-11-25T17_54_08.509Z;0;0;0;36
444500e9b1f9ba58a2d0653d8ccdb0cf46debca7;2020-11-25T18_42_06.615Z;0;0;0;36
444500e9b1f9ba58a2d0653d8ccdb0cf46debca7;2020-11-25T18_59_49.144Z;0;0;0;36
444500e9b1f9ba58a2d0653d8ccdb0cf46debca7;2020-11-25T19_14_12.339Z;0;0;0;36
444500e9b1f9ba58a2d0653d8ccdb0cf46debca7;2020-11-25T19_34_39.637Z;0;0;1;35
444500e9b1f9ba58a2d0653d8ccdb0cf46debca7;2020-11-25T20_12_37.039Z;0;0;0;36
444500e9b1f9ba58a2d0653d8ccdb0cf46debca7;2020-11-25T20_45_36.287Z;0;0;1;35
444500e9b1f9ba58a2d0653d8ccdb0cf46debca7;2020-11-25T20_56_44.647Z;0;0;0;36
4542f79f46c1e57daf32196b082986d08d6addda;2020-11-24T03_02_38.751Z;0;0;0;36
4542f79f46c1e57daf32196b082986d08d6addda;2020-11-24T03_04_14.359Z;0;0;0;36
4542f79f46c1e57daf32196b082986d08d6addda;2020-11-24T20_07_58.121Z;0;0;0;36
4542f79f46c1e57daf32196b082986d08d6addda;2020-11-24T20_08_36.403Z;0;0;0;13
4542f79f46c1e57daf32196b082986d08d6addda;2020-11-24T20_08_54.796Z;1;0;0;0
4542f79f46c1e57daf32196b082986d08d6addda;2020-11-24T20_21_59.099Z;2;0;0;0
4542f79f46c1e57daf32196b082986d08d6addda;2020-11-24T20_30_03.016Z;0;0;0;17
4542f79f46c1e57daf32196b082986d08d6addda;2020-11-25T04_04_49.430Z;0;0;0;36
4542f79f46c1e57daf32196b082986d08d6addda;2020-11-25T04_05_08.527Z;0;0;0;36
4542f79f46c1e57daf32196b082986d08d6addda;2020-11-25T04_55_04.354Z;0;2;2;34
4542f79f46c1e57daf32196b082986d08d6addda;2020-11-25T06_36_27.123Z;0;8;8;28
4542f79f46c1e57daf32196b082986d08d6addda;2020-11-25T06_45_03.618Z;0;0;0;36
4542f79f46c1e57daf32196b082986d08d6addda;2020-11-25T06_45_19.197Z;0;0;0;36
4542f79f46c1e57daf32196b082986d08d6addda;2020-11-25T17_53_07.851Z;1;0;0;17
4542f79f46c1e57daf32196b082986d08d6addda;2020-11-25T18_20_43.564Z;0;2;2;34
4542f79f46c1e57daf32196b082986d08d6addda;2020-11-25T18_23_04.920Z;0;8;8;28
4542f79f46c1e57daf32196b082986d08d6addda;2020-11-25T19_27_12.251Z;0;5;5;31
4542f79f46c1e57daf32196b082986d08d6addda;2020-11-25T19_46_37.680Z;0;5;5;31
4542f79f46c1e57daf32196b082986d08d6addda;2020-11-25T19_56_25.946Z;0;2;2;34
4542f79f46c1e57daf32196b082986d08d6addda;2020-11-25T19_59_01.563Z;0;5;5;31
469ce5ae9862c2ae31c75a1404a8b03af40db5ba;2020-11-16T20_07_28.260Z;1;0;0;0
469ce5ae9862c2ae31c75a1404a8b03af40db5ba;2020-11-16T20_28_07.679Z;0;0;0;36
469ce5ae9862c2ae31c75a1404a8b03af40db5ba;2020-11-16T20_39_33.087Z;0;0;0;36
469ce5ae9862c2ae31c75a1404a8b03af40db5ba;2020-11-16T20_39_40.846Z;0;0;0;36
469ce5ae9862c2ae31c75a1404a8b03af40db5ba;2020-11-16T20_39_46.541Z;0;0;0;36
469ce5ae9862c2ae31c75a1404a8b03af40db5ba;2020-11-16T21_13_40.114Z;2;0;0;0
469ce5ae9862c2ae31c75a1404a8b03af40db5ba;2020-11-17T02_36_09.442Z;2;0;0;0
469ce5ae9862c2ae31c75a1404a8b03af40db5ba;2020-11-17T03_10_09.307Z;0;0;0;36
469ce5ae9862c2ae31c75a1404a8b03af40db5ba;2020-11-17T03_47_34.796Z;0;0;0;13
469ce5ae9862c2ae31c75a1404a8b03af40db5ba;2020-11-17T04_00_14.537Z;1;0;0;17
469ce5ae9862c2ae31c75a1404a8b03af40db5ba;2020-11-17T04_14_52.010Z;1;0;0;17
469ce5ae9862c2ae31c75a1404a8b03af40db5ba;2020-11-17T04_25_31.949Z;0;0;0;13
469ce5ae9862c2ae31c75a1404a8b03af40db5ba;2020-11-17T04_26_28.604Z;0;0;0;36
469ce5ae9862c2ae31c75a1404a8b03af40db5ba;2020-11-17T04_51_10.292Z;0;0;0;36
469ce5ae9862c2ae31c75a1404a8b03af40db5ba;2020-11-17T04_58_19.878Z;1;0;0;17
469ce5ae9862c2ae31c75a1404a8b03af40db5ba;2020-11-17T19_03_36.889Z;0;0;0;36
469ce5ae9862c2ae31c75a1404a8b03af40db5ba;2020-11-17T19_04_39.557Z;0;0;0;13
469ce5ae9862c2ae31c75a1404a8b03af40db5ba;2020-11-17T19_19_09.678Z;0;0;0;36
469ce5ae9862c2ae31c75a1404a8b03af40db5ba;2020-11-17T19_19_23.260Z;1;0;0;17
469ce5ae9862c2ae31c75a1404a8b03af40db5ba;2020-11-17T19_43_43.675Z;0;0;0;36
469ce5ae9862c2ae31c75a1404a8b03af40db5ba;2020-11-17T19_51_13.499Z;0;0;5;26
469ce5ae9862c2ae31c75a1404a8b03af40db5ba;2020-11-17T20_09_21.274Z;1;0;0;17
469ce5ae9862c2ae31c75a1404a8b03af40db5ba;2020-11-17T21_19_44.660Z;1;0;0;17
469ce5ae9862c2ae31c75a1404a8b03af40db5ba;2020-11-18T02_06_14.250Z;1;0;0;17
469ce5ae9862c2ae31c75a1404a8b03af40db5ba;2020-11-18T04_44_22.743Z;0;0;0;36
469ce5ae9862c2ae31c75a1404a8b03af40db5ba;2020-11-18T06_28_04.103Z;0;0;0;36
469ce5ae9862c2ae31c75a1404a8b03af40db5ba;2020-11-18T06_33_18.478Z;0;0;3;28
469ce5ae9862c2ae31c75a1404a8b03af40db5ba;2020-11-18T06_52_55.173Z;0;0;4;32
469ce5ae9862c2ae31c75a1404a8b03af40db5ba;2020-11-18T22_10_01.732Z;0;0;0;36
469ce5ae9862c2ae31c75a1404a8b03af40db5ba;2020-11-18T22_10_13.521Z;0;0;0;36
469ce5ae9862c2ae31c75a1404a8b03af40db5ba;2020-11-18T22_16_24.887Z;0;0;2;34
469ce5ae9862c2ae31c75a1404a8b03af40db5ba;2020-11-18T22_32_00.997Z;0;0;0;36
469ce5ae9862c2ae31c75a1404a8b03af40db5ba;2020-11-18T22_42_15.164Z;0;0;0;36
469ce5ae9862c2ae31c75a1404a8b03af40db5ba;2020-11-19T01_17_19.234Z;0;0;0;36
469ce5ae9862c2ae31c75a1404a8b03af40db5ba;2020-11-19T01_32_21.126Z;0;0;0;36
469ce5ae9862c2ae31c75a1404a8b03af40db5ba;2020-11-19T01_33_09.661Z;0;0;0;36
4a181b8a0daafd8c1c8b971d48fb20139cc2e58e;2020-11-16T23_08_17.638Z;1;0;0;0
4a181b8a0daafd8c1c8b971d48fb20139cc2e58e;2020-11-16T23_42_58.184Z;2;0;0;0
4a181b8a0daafd8c1c8b971d48fb20139cc2e58e;2020-11-21T03_23_38.099Z;2;0;0;0
4a181b8a0daafd8c1c8b971d48fb20139cc2e58e;2020-11-21T04_09_03.471Z;2;0;0;0
4a181b8a0daafd8c1c8b971d48fb20139cc2e58e;2020-11-21T04_36_11.711Z;0;13;13;23
4a181b8a0daafd8c1c8b971d48fb20139cc2e58e;2020-11-21T05_16_19.893Z;2;0;0;0
4a181b8a0daafd8c1c8b971d48fb20139cc2e58e;2020-11-21T15_03_24.167Z;2;0;0;0
4a181b8a0daafd8c1c8b971d48fb20139cc2e58e;2020-11-21T15_43_45.385Z;2;0;0;0
4a181b8a0daafd8c1c8b971d48fb20139cc2e58e;2020-11-21T16_29_58.406Z;0;0;0;36
4a181b8a0daafd8c1c8b971d48fb20139cc2e58e;2020-11-21T16_30_05.726Z;0;0;0;36
4a181b8a0daafd8c1c8b971d48fb20139cc2e58e;2020-11-21T16_30_08.976Z;0;0;0;36
4a181b8a0daafd8c1c8b971d48fb20139cc2e58e;2020-11-21T16_30_15.102Z;0;0;0;36
4a181b8a0daafd8c1c8b971d48fb20139cc2e58e;2020-11-21T16_32_52.146Z;0;13;13;23
4a181b8a0daafd8c1c8b971d48fb20139cc2e58e;2020-11-21T22_40_16.772Z;0;2;6;30
4a181b8a0daafd8c1c8b971d48fb20139cc2e58e;2020-11-21T23_05_12.931Z;0;2;6;30
4a181b8a0daafd8c1c8b971d48fb20139cc2e58e;2020-11-21T23_40_36.796Z;0;2;6;30
4a181b8a0daafd8c1c8b971d48fb20139cc2e58e;2020-11-22T00_11_04.479Z;0;2;6;30
4a181b8a0daafd8c1c8b971d48fb20139cc2e58e;2020-11-22T00_24_36.906Z;0;2;6;30
4a181b8a0daafd8c1c8b971d48fb20139cc2e58e;2020-11-22T16_00_09.874Z;0;0;0;13
4a181b8a0daafd8c1c8b971d48fb20139cc2e58e;2020-11-22T16_07_12.749Z;0;2;2;34
4a181b8a0daafd8c1c8b971d48fb20139cc2e58e;2020-11-22T17_47_20.339Z;1;0;0;17
4a181b8a0daafd8c1c8b971d48fb20139cc2e58e;2020-11-22T20_33_18.233Z;0;2;2;34
4a181b8a0daafd8c1c8b971d48fb20139cc2e58e;2020-11-22T20_41_44.152Z;0;0;0;17
4a181b8a0daafd8c1c8b971d48fb20139cc2e58e;2020-11-22T21_41_16.487Z;0;0;0;17
4a181b8a0daafd8c1c8b971d48fb20139cc2e58e;2020-11-22T23_19_22.562Z;1;0;0;17
4a181b8a0daafd8c1c8b971d48fb20139cc2e58e;2020-11-23T00_06_11.238Z;1;0;0;17
4a181b8a0daafd8c1c8b971d48fb20139cc2e58e;2020-11-23T16_15_14.764Z;1;0;0;17
4a181b8a0daafd8c1c8b971d48fb20139cc2e58e;2020-11-23T18_50_28.701Z;1;0;0;17
4a181b8a0daafd8c1c8b971d48fb20139cc2e58e;2020-11-23T20_15_43.008Z;1;0;0;17
4a181b8a0daafd8c1c8b971d48fb20139cc2e58e;2020-11-23T21_11_34.761Z;0;2;2;19
4a181b8a0daafd8c1c8b971d48fb20139cc2e58e;2020-11-23T21_14_19.213Z;0;5;7;22
4a181b8a0daafd8c1c8b971d48fb20139cc2e58e;2020-11-23T21_24_10.291Z;0;2;2;19
4a181b8a0daafd8c1c8b971d48fb20139cc2e58e;2020-11-23T21_31_07.653Z;0;8;9;23
4a181b8a0daafd8c1c8b971d48fb20139cc2e58e;2020-11-23T21_41_23.094Z;0;1;1;34
4a181b8a0daafd8c1c8b971d48fb20139cc2e58e;2020-11-24T00_31_41.784Z;0;10;11;25
4a181b8a0daafd8c1c8b971d48fb20139cc2e58e;2020-11-24T01_17_14.861Z;0;8;9;27
4a181b8a0daafd8c1c8b971d48fb20139cc2e58e;2020-11-24T01_29_29.054Z;0;6;6;30
4a181b8a0daafd8c1c8b971d48fb20139cc2e58e;2020-11-24T01_39_16.865Z;0;0;0;36
4a181b8a0daafd8c1c8b971d48fb20139cc2e58e;2020-11-24T02_02_47.347Z;0;0;0;36
4a181b8a0daafd8c1c8b971d48fb20139cc2e58e;2020-11-24T18_44_48.152Z;0;0;0;36
4a181b8a0daafd8c1c8b971d48fb20139cc2e58e;2020-11-24T18_45_07.613Z;0;0;0;36
4a181b8a0daafd8c1c8b971d48fb20139cc2e58e;2020-11-24T19_32_33.520Z;0;0;0;36
4a181b8a0daafd8c1c8b971d48fb20139cc2e58e;2020-11-24T20_27_01.447Z;0;0;0;36
4b8cafbb2f0acbe010290da14340378e9c684d75;2020-11-18T22_35_01.648Z;1;0;0;0
4b8cafbb2f0acbe010290da14340378e9c684d75;2020-11-18T22_36_28.053Z;0;0;0;13
4b8cafbb2f0acbe010290da14340378e9c684d75;2020-11-18T22_46_57.179Z;1;0;0;17
4b8cafbb2f0acbe010290da14340378e9c684d75;2020-11-18T22_52_38.752Z;2;0;0;0
4b8cafbb2f0acbe010290da14340378e9c684d75;2020-11-18T23_33_34.503Z;0;0;14;22
4b8cafbb2f0acbe010290da14340378e9c684d75;2020-11-18T23_58_32.615Z;2;0;0;0
4b8cafbb2f0acbe010290da14340378e9c684d75;2020-11-19T01_45_39.299Z;0;13;14;22
4b8cafbb2f0acbe010290da14340378e9c684d75;2020-11-19T03_18_01.504Z;0;2;7;29
4b8cafbb2f0acbe010290da14340378e9c684d75;2020-11-19T04_04_45.792Z;0;2;7;29
4b8cafbb2f0acbe010290da14340378e9c684d75;2020-11-19T04_28_27.265Z;0;2;3;33
4b8cafbb2f0acbe010290da14340378e9c684d75;2020-11-19T04_37_11.373Z;1;0;0;17
4b8cafbb2f0acbe010290da14340378e9c684d75;2020-11-19T21_19_48.190Z;0;2;3;33
4b8cafbb2f0acbe010290da14340378e9c684d75;2020-11-19T21_49_26.370Z;0;1;2;34
4b8cafbb2f0acbe010290da14340378e9c684d75;2020-11-19T22_18_26.098Z;0;3;13;23
4b8cafbb2f0acbe010290da14340378e9c684d75;2020-11-19T22_27_22.734Z;0;0;0;36
4b8cafbb2f0acbe010290da14340378e9c684d75;2020-11-19T22_39_00.953Z;1;0;0;17
4b8cafbb2f0acbe010290da14340378e9c684d75;2020-11-19T23_37_22.828Z;1;0;0;17
4b8cafbb2f0acbe010290da14340378e9c684d75;2020-11-20T15_54_36.203Z;0;3;10;26
4b8cafbb2f0acbe010290da14340378e9c684d75;2020-11-20T16_16_28.719Z;0;0;0;36
4b8cafbb2f0acbe010290da14340378e9c684d75;2020-11-20T16_20_08.603Z;0;1;8;28
4b8cafbb2f0acbe010290da14340378e9c684d75;2020-11-20T16_48_06.569Z;0;0;7;29
4b8cafbb2f0acbe010290da14340378e9c684d75;2020-11-20T17_31_32.694Z;0;0;6;30
4b8cafbb2f0acbe010290da14340378e9c684d75;2020-11-20T17_53_27.546Z;0;0;6;30
4b8cafbb2f0acbe010290da14340378e9c684d75;2020-11-20T18_39_57.632Z;0;6;6;30
4b8cafbb2f0acbe010290da14340378e9c684d75;2020-11-20T19_09_22.168Z;0;0;0;36
4b8cafbb2f0acbe010290da14340378e9c684d75;2020-11-20T19_13_59.215Z;0;0;0;36
4b8cafbb2f0acbe010290da14340378e9c684d75;2020-11-20T19_13_59.222Z;0;0;0;36
4b8cafbb2f0acbe010290da14340378e9c684d75;2020-11-20T19_15_06.899Z;0;0;0;36
4b8cafbb2f0acbe010290da14340378e9c684d75;2020-11-20T20_55_48.910Z;0;0;0;36
4b8cafbb2f0acbe010290da14340378e9c684d75;2020-11-20T20_56_14.032Z;0;0;0;36
4be2bd63e16a633b451b15c7c4721b46d35da827;2020-11-25T20_19_12.615Z;0;0;0;36
4be2bd63e16a633b451b15c7c4721b46d35da827;2020-11-25T20_19_24.075Z;0;0;0;13
4be2bd63e16a633b451b15c7c4721b46d35da827;2020-11-25T20_19_40.864Z;0;0;0;36
4be2bd63e16a633b451b15c7c4721b46d35da827;2020-11-25T20_22_27.708Z;1;0;0;17
4be2bd63e16a633b451b15c7c4721b46d35da827;2020-11-25T22_55_12.926Z;1;0;0;17
4be2bd63e16a633b451b15c7c4721b46d35da827;2020-11-25T23_36_08.828Z;0;0;0;36
4be2bd63e16a633b451b15c7c4721b46d35da827;2020-11-25T23_48_34.968Z;0;0;0;36
4be2bd63e16a633b451b15c7c4721b46d35da827;2020-11-25T23_48_46.869Z;1;0;0;17
4be2bd63e16a633b451b15c7c4721b46d35da827;2020-11-26T00_18_32.982Z;0;0;0;36
4be2bd63e16a633b451b15c7c4721b46d35da827;2020-11-26T00_30_29.181Z;1;0;0;17
4be2bd63e16a633b451b15c7c4721b46d35da827;2020-11-26T01_50_32.692Z;1;0;0;17
4be2bd63e16a633b451b15c7c4721b46d35da827;2020-11-26T02_04_16.287Z;1;0;0;17
4be2bd63e16a633b451b15c7c4721b46d35da827;2020-11-26T02_51_30.661Z;0;0;0;36
4be2bd63e16a633b451b15c7c4721b46d35da827;2020-11-26T02_55_18.291Z;1;0;0;17
4be2bd63e16a633b451b15c7c4721b46d35da827;2020-11-26T03_12_37.210Z;1;0;0;17
4be2bd63e16a633b451b15c7c4721b46d35da827;2020-11-26T03_29_36.057Z;1;0;0;17
4be2bd63e16a633b451b15c7c4721b46d35da827;2020-11-26T03_48_33.611Z;1;0;0;17
4be2bd63e16a633b451b15c7c4721b46d35da827;2020-11-26T04_51_33.789Z;1;0;0;17
4be2bd63e16a633b451b15c7c4721b46d35da827;2020-11-26T05_09_09.048Z;1;0;0;17
4be2bd63e16a633b451b15c7c4721b46d35da827;2020-11-26T05_20_02.574Z;1;0;0;17
4be2bd63e16a633b451b15c7c4721b46d35da827;2020-11-26T05_58_55.185Z;1;0;0;17
4be2bd63e16a633b451b15c7c4721b46d35da827;2020-11-26T07_16_43.453Z;1;0;0;17
4be2bd63e16a633b451b15c7c4721b46d35da827;2020-11-26T14_37_53.622Z;1;0;0;17
4be2bd63e16a633b451b15c7c4721b46d35da827;2020-11-26T22_20_51.737Z;0;0;0;36
4be2bd63e16a633b451b15c7c4721b46d35da827;2020-11-26T22_38_26.773Z;1;0;0;17
4be2bd63e16a633b451b15c7c4721b46d35da827;2020-11-27T02_21_52.100Z;0;0;0;36
4be2bd63e16a633b451b15c7c4721b46d35da827;2020-11-27T02_36_30.769Z;0;0;0;36
4be2bd63e16a633b451b15c7c4721b46d35da827;2020-11-27T03_25_56.509Z;0;0;0;36
4be2bd63e16a633b451b15c7c4721b46d35da827;2020-11-27T03_51_31.566Z;0;0;0;36
4be2bd63e16a633b451b15c7c4721b46d35da827;2020-11-27T03_59_56.988Z;1;0;0;17
4be2bd63e16a633b451b15c7c4721b46d35da827;2020-11-27T04_32_00.969Z;1;0;0;17
4c0e060545d21fcedf84f937c59a97bbc71a69e3;2020-11-23T18_04_04.326Z;1;0;0;0
4c0e060545d21fcedf84f937c59a97bbc71a69e3;2020-11-23T18_23_19.725Z;2;0;0;0
4c0e060545d21fcedf84f937c59a97bbc71a69e3;2020-11-23T19_20_10.984Z;2;0;0;0
4c0e060545d21fcedf84f937c59a97bbc71a69e3;2020-11-24T06_24_29.990Z;2;0;0;0
4c0e060545d21fcedf84f937c59a97bbc71a69e3;2020-11-24T07_55_00.753Z;0;0;0;13
4c0e060545d21fcedf84f937c59a97bbc71a69e3;2020-11-24T07_58_01.162Z;0;0;13;23
4c0e060545d21fcedf84f937c59a97bbc71a69e3;2020-11-24T08_01_22.196Z;0;12;12;24
4c0e060545d21fcedf84f937c59a97bbc71a69e3;2020-11-24T09_02_34.122Z;0;1;1;35
4c0e060545d21fcedf84f937c59a97bbc71a69e3;2020-11-24T15_43_15.863Z;1;0;0;17
4c0e060545d21fcedf84f937c59a97bbc71a69e3;2020-11-24T16_18_36.678Z;0;0;10;26
4c0e060545d21fcedf84f937c59a97bbc71a69e3;2020-11-24T17_22_50.642Z;0;0;10;26
4c0e060545d21fcedf84f937c59a97bbc71a69e3;2020-11-24T17_58_56.367Z;0;0;10;26
4c0e060545d21fcedf84f937c59a97bbc71a69e3;2020-11-24T23_40_39.206Z;0;0;8;28
4c0e060545d21fcedf84f937c59a97bbc71a69e3;2020-11-25T01_17_05.543Z;0;0;8;28
4c0e060545d21fcedf84f937c59a97bbc71a69e3;2020-11-25T01_22_34.175Z;0;1;1;35
4c0e060545d21fcedf84f937c59a97bbc71a69e3;2020-11-25T01_55_56.692Z;0;6;8;28
4c0e060545d21fcedf84f937c59a97bbc71a69e3;2020-11-25T02_14_59.505Z;0;0;1;35
4c0e060545d21fcedf84f937c59a97bbc71a69e3;2020-11-25T17_37_45.015Z;0;1;1;35
4c0e060545d21fcedf84f937c59a97bbc71a69e3;2020-11-25T17_58_39.677Z;0;0;1;35
4c0e060545d21fcedf84f937c59a97bbc71a69e3;2020-11-25T17_59_03.648Z;0;1;1;35
4c0e060545d21fcedf84f937c59a97bbc71a69e3;2020-11-25T18_33_28.115Z;0;1;1;35
4c0e060545d21fcedf84f937c59a97bbc71a69e3;2020-11-25T18_44_56.435Z;0;0;0;36
4c0e060545d21fcedf84f937c59a97bbc71a69e3;2020-11-25T18_58_16.164Z;0;1;1;35
4c0e060545d21fcedf84f937c59a97bbc71a69e3;2020-11-25T20_23_19.868Z;0;0;0;36
4c948f488d593c3e166696d2b6f6347110516450;2020-11-22T02_41_26.689Z;1;0;0;0
4c948f488d593c3e166696d2b6f6347110516450;2020-11-22T02_44_08.223Z;2;0;0;0
4c948f488d593c3e166696d2b6f6347110516450;2020-11-22T02_44_22.975Z;0;0;0;13
4c948f488d593c3e166696d2b6f6347110516450;2020-11-22T02_44_33.627Z;1;0;0;17
4c948f488d593c3e166696d2b6f6347110516450;2020-11-22T03_38_00.130Z;2;0;0;0
4c948f488d593c3e166696d2b6f6347110516450;2020-11-22T18_26_05.519Z;2;0;0;0
4c948f488d593c3e166696d2b6f6347110516450;2020-11-23T01_06_03.884Z;2;0;0;0
4c948f488d593c3e166696d2b6f6347110516450;2020-11-23T01_18_31.899Z;2;0;0;0
4c948f488d593c3e166696d2b6f6347110516450;2020-11-23T01_48_36.060Z;2;0;0;0
4c948f488d593c3e166696d2b6f6347110516450;2020-11-23T02_13_03.569Z;2;0;0;0
4c948f488d593c3e166696d2b6f6347110516450;2020-11-23T02_35_57.612Z;1;0;0;17
4c948f488d593c3e166696d2b6f6347110516450;2020-11-23T02_43_34.329Z;1;4;6;9
4c948f488d593c3e166696d2b6f6347110516450;2020-11-23T03_08_37.958Z;2;0;0;0
4c948f488d593c3e166696d2b6f6347110516450;2020-11-23T03_38_09.567Z;2;0;0;0
4c948f488d593c3e166696d2b6f6347110516450;2020-11-23T04_08_03.478Z;2;0;0;0
4c948f488d593c3e166696d2b6f6347110516450;2020-11-24T01_16_15.026Z;0;4;6;30
4c948f488d593c3e166696d2b6f6347110516450;2020-11-24T01_43_42.051Z;0;0;0;36
4c948f488d593c3e166696d2b6f6347110516450;2020-11-24T01_44_15.973Z;1;0;0;17
4c948f488d593c3e166696d2b6f6347110516450;2020-11-24T01_58_29.711Z;1;0;0;17
4c948f488d593c3e166696d2b6f6347110516450;2020-11-24T02_33_38.851Z;1;0;0;17
4c948f488d593c3e166696d2b6f6347110516450;2020-11-25T01_53_29.783Z;0;0;0;36
4c948f488d593c3e166696d2b6f6347110516450;2020-11-25T01_53_45.956Z;1;0;0;17
4c948f488d593c3e166696d2b6f6347110516450;2020-11-25T02_26_05.020Z;1;0;0;17
4c948f488d593c3e166696d2b6f6347110516450;2020-11-25T02_39_27.587Z;1;0;0;17
4c948f488d593c3e166696d2b6f6347110516450;2020-11-25T03_57_56.758Z;0;0;13;23
4c948f488d593c3e166696d2b6f6347110516450;2020-11-25T04_24_30.475Z;1;0;0;17
4c948f488d593c3e166696d2b6f6347110516450;2020-11-25T19_36_35.060Z;0;0;6;30
4c948f488d593c3e166696d2b6f6347110516450;2020-11-25T21_05_42.567Z;0;2;2;34
4c948f488d593c3e166696d2b6f6347110516450;2020-11-25T22_38_10.673Z;0;0;0;36
4c948f488d593c3e166696d2b6f6347110516450;2020-11-25T22_38_10.684Z;0;0;0;36
4c948f488d593c3e166696d2b6f6347110516450;2020-11-25T22_38_10.692Z;0;2;2;34
4c948f488d593c3e166696d2b6f6347110516450;2020-11-25T22_49_51.829Z;2;0;0;0
4c948f488d593c3e166696d2b6f6347110516450;2020-11-25T23_21_21.218Z;0;2;2;34
4c948f488d593c3e166696d2b6f6347110516450;2020-11-25T23_21_35.443Z;0;1;5;31
4c948f488d593c3e166696d2b6f6347110516450;2020-11-25T23_29_21.676Z;0;0;0;36
4c948f488d593c3e166696d2b6f6347110516450;2020-11-25T23_58_15.026Z;0;0;0;36
4c948f488d593c3e166696d2b6f6347110516450;2020-11-26T00_03_47.752Z;0;0;0;36
4d304d0fc8d7287703d7e1350a77470f66984e3a;2020-11-14T06_20_32.395Z;0;0;0;36
4d304d0fc8d7287703d7e1350a77470f66984e3a;2020-11-14T06_21_43.889Z;0;0;0;36
4d304d0fc8d7287703d7e1350a77470f66984e3a;2020-11-16T21_23_07.211Z;1;0;0;0
4d304d0fc8d7287703d7e1350a77470f66984e3a;2020-11-16T21_27_42.048Z;2;0;0;0
4d304d0fc8d7287703d7e1350a77470f66984e3a;2020-11-19T21_54_10.704Z;0;0;0;13
4d304d0fc8d7287703d7e1350a77470f66984e3a;2020-11-22T19_34_50.819Z;0;0;0;17
4d304d0fc8d7287703d7e1350a77470f66984e3a;2020-11-22T20_30_23.362Z;0;6;6;30
4d304d0fc8d7287703d7e1350a77470f66984e3a;2020-11-22T20_58_20.029Z;2;0;0;0
4d304d0fc8d7287703d7e1350a77470f66984e3a;2020-11-23T10_21_02.832Z;2;0;0;0
4d304d0fc8d7287703d7e1350a77470f66984e3a;2020-11-23T12_18_18.031Z;0;0;0;13
4d304d0fc8d7287703d7e1350a77470f66984e3a;2020-11-23T12_54_22.153Z;0;0;0;36
4d304d0fc8d7287703d7e1350a77470f66984e3a;2020-11-23T12_54_36.248Z;0;0;0;36
4d304d0fc8d7287703d7e1350a77470f66984e3a;2020-11-23T13_25_56.517Z;0;1;9;27
4d304d0fc8d7287703d7e1350a77470f66984e3a;2020-11-24T03_59_48.560Z;0;0;0;36
4d304d0fc8d7287703d7e1350a77470f66984e3a;2020-11-24T03_59_57.267Z;0;0;0;36
4d304d0fc8d7287703d7e1350a77470f66984e3a;2020-11-24T04_05_24.635Z;0;8;10;26
4d304d0fc8d7287703d7e1350a77470f66984e3a;2020-11-24T04_19_26.857Z;0;0;0;36
4d304d0fc8d7287703d7e1350a77470f66984e3a;2020-11-24T04_43_34.586Z;0;7;7;29
4d304d0fc8d7287703d7e1350a77470f66984e3a;2020-11-24T16_05_26.528Z;0;7;7;29
4d304d0fc8d7287703d7e1350a77470f66984e3a;2020-11-24T16_33_04.311Z;0;7;7;29
4d304d0fc8d7287703d7e1350a77470f66984e3a;2020-11-24T17_12_36.604Z;0;7;7;29
4d304d0fc8d7287703d7e1350a77470f66984e3a;2020-11-24T21_37_30.328Z;0;7;7;29
4d304d0fc8d7287703d7e1350a77470f66984e3a;2020-11-25T10_18_16.029Z;0;2;7;29
4d304d0fc8d7287703d7e1350a77470f66984e3a;2020-11-25T10_26_59.331Z;0;0;0;36
4d304d0fc8d7287703d7e1350a77470f66984e3a;2020-11-25T10_46_12.150Z;0;7;7;29
4d304d0fc8d7287703d7e1350a77470f66984e3a;2020-11-25T10_59_53.719Z;0;7;7;29
4d304d0fc8d7287703d7e1350a77470f66984e3a;2020-11-25T11_28_01.437Z;0;0;0;36
4d304d0fc8d7287703d7e1350a77470f66984e3a;2020-11-25T21_08_50.204Z;0;0;5;31
4d304d0fc8d7287703d7e1350a77470f66984e3a;2020-11-25T21_19_26.397Z;0;0;5;31
4d304d0fc8d7287703d7e1350a77470f66984e3a;2020-11-25T21_55_29.938Z;0;0;0;36
4d3e16e24096cd5e30e393ecb9f049662806f603;2020-11-19T21_45_20.937Z;1;0;0;0
4d3e16e24096cd5e30e393ecb9f049662806f603;2020-11-19T21_52_00.361Z;0;6;16;20
4d3e16e24096cd5e30e393ecb9f049662806f603;2020-11-19T21_52_31.332Z;0;0;0;13
4d3e16e24096cd5e30e393ecb9f049662806f603;2020-11-19T21_55_56.073Z;0;0;13;23
4d3e16e24096cd5e30e393ecb9f049662806f603;2020-11-20T00_48_39.146Z;0;0;13;23
4d3e16e24096cd5e30e393ecb9f049662806f603;2020-11-20T01_07_19.353Z;2;0;0;0
4d3e16e24096cd5e30e393ecb9f049662806f603;2020-11-20T03_23_44.671Z;0;1;10;26
4d3e16e24096cd5e30e393ecb9f049662806f603;2020-11-20T03_50_09.554Z;0;1;10;26
4d3e16e24096cd5e30e393ecb9f049662806f603;2020-11-20T04_12_26.008Z;0;1;13;23
4d3e16e24096cd5e30e393ecb9f049662806f603;2020-11-25T08_42_54.161Z;0;1;13;23
4d3e16e24096cd5e30e393ecb9f049662806f603;2020-11-25T09_28_25.216Z;0;1;4;32
4d3e16e24096cd5e30e393ecb9f049662806f603;2020-11-25T19_25_27.014Z;0;1;13;23
4d3e16e24096cd5e30e393ecb9f049662806f603;2020-11-25T19_53_58.753Z;0;2;8;28
4d3e16e24096cd5e30e393ecb9f049662806f603;2020-11-25T20_27_29.371Z;0;0;0;36
4d3e16e24096cd5e30e393ecb9f049662806f603;2020-11-25T20_29_44.840Z;0;0;0;36
4d3e16e24096cd5e30e393ecb9f049662806f603;2020-11-25T20_31_55.821Z;0;6;6;30
4d3e16e24096cd5e30e393ecb9f049662806f603;2020-11-25T21_06_28.099Z;0;0;0;36
4d3e16e24096cd5e30e393ecb9f049662806f603;2020-11-25T21_18_15.076Z;0;0;0;36
4d3e16e24096cd5e30e393ecb9f049662806f603;2020-11-25T21_24_52.473Z;0;1;4;32
4d3e16e24096cd5e30e393ecb9f049662806f603;2020-11-25T21_30_38.781Z;0;6;6;30
4d3e16e24096cd5e30e393ecb9f049662806f603;2020-11-25T21_44_59.764Z;0;6;6;30
4d3e16e24096cd5e30e393ecb9f049662806f603;2020-11-25T22_07_44.114Z;0;4;4;32
4d3e16e24096cd5e30e393ecb9f049662806f603;2020-11-25T22_07_44.122Z;0;0;0;36
4d3e16e24096cd5e30e393ecb9f049662806f603;2020-11-25T22_15_34.010Z;0;0;0;36
4e6375572baa7b596e96b115bbff4f03ff44ed9a;2020-11-23T07_47_32.684Z;1;0;0;0
4e6375572baa7b596e96b115bbff4f03ff44ed9a;2020-11-23T08_00_57.529Z;0;0;0;36
4e6375572baa7b596e96b115bbff4f03ff44ed9a;2020-11-23T08_03_54.914Z;2;0;0;0
4e6375572baa7b596e96b115bbff4f03ff44ed9a;2020-11-23T08_30_57.359Z;2;0;0;0
4e6375572baa7b596e96b115bbff4f03ff44ed9a;2020-11-23T08_57_26.121Z;0;13;14;22
4e6375572baa7b596e96b115bbff4f03ff44ed9a;2020-11-23T08_57_39.003Z;0;0;0;13
4e6375572baa7b596e96b115bbff4f03ff44ed9a;2020-11-23T08_59_12.124Z;0;0;13;23
4e6375572baa7b596e96b115bbff4f03ff44ed9a;2020-11-23T09_08_40.826Z;0;13;14;22
4e6375572baa7b596e96b115bbff4f03ff44ed9a;2020-11-23T09_50_08.328Z;0;13;14;22
4e6375572baa7b596e96b115bbff4f03ff44ed9a;2020-11-23T11_13_54.212Z;0;2;4;32
4e6375572baa7b596e96b115bbff4f03ff44ed9a;2020-11-23T11_27_17.034Z;0;0;13;23
4e6375572baa7b596e96b115bbff4f03ff44ed9a;2020-11-23T12_46_21.682Z;0;2;14;22
4e6375572baa7b596e96b115bbff4f03ff44ed9a;2020-11-23T12_58_36.775Z;0;2;14;22
4e6375572baa7b596e96b115bbff4f03ff44ed9a;2020-11-23T13_12_08.604Z;0;0;0;36
4e6375572baa7b596e96b115bbff4f03ff44ed9a;2020-11-23T13_34_42.247Z;0;0;13;23
4e6375572baa7b596e96b115bbff4f03ff44ed9a;2020-11-23T13_56_40.206Z;0;0;10;26
4e6375572baa7b596e96b115bbff4f03ff44ed9a;2020-11-23T13_56_40.213Z;0;0;0;36
4e6375572baa7b596e96b115bbff4f03ff44ed9a;2020-11-23T13_56_40.220Z;0;0;0;36
4e6375572baa7b596e96b115bbff4f03ff44ed9a;2020-11-23T14_28_27.875Z;0;0;6;30
4e6375572baa7b596e96b115bbff4f03ff44ed9a;2020-11-23T15_58_49.132Z;0;0;5;31
4e6375572baa7b596e96b115bbff4f03ff44ed9a;2020-11-25T01_58_56.124Z;0;0;0;36
4e6375572baa7b596e96b115bbff4f03ff44ed9a;2020-11-25T02_20_46.857Z;0;0;2;34
4e6375572baa7b596e96b115bbff4f03ff44ed9a;2020-11-25T05_35_39.626Z;0;0;0;36
4e6375572baa7b596e96b115bbff4f03ff44ed9a;2020-11-25T05_37_02.378Z;0;0;2;34
4e6375572baa7b596e96b115bbff4f03ff44ed9a;2020-11-25T05_53_27.379Z;0;0;0;36
4e6375572baa7b596e96b115bbff4f03ff44ed9a;2020-11-25T05_56_22.072Z;0;0;2;34
4e6375572baa7b596e96b115bbff4f03ff44ed9a;2020-11-25T08_17_37.753Z;0;0;0;36
4e6375572baa7b596e96b115bbff4f03ff44ed9a;2020-11-25T08_47_05.760Z;0;0;0;36
4e6375572baa7b596e96b115bbff4f03ff44ed9a;2020-11-26T15_20_04.762Z;0;0;0;36
4e6375572baa7b596e96b115bbff4f03ff44ed9a;2020-11-26T15_39_25.382Z;0;0;0;36
4e6375572baa7b596e96b115bbff4f03ff44ed9a;2020-11-26T16_11_29.524Z;0;0;0;36
4e6375572baa7b596e96b115bbff4f03ff44ed9a;2020-11-26T16_12_50.213Z;0;0;0;36
4ee624ba618e49234700248189f5f77acf310f5a;2020-11-26T17_37_17.244Z;0;0;0;36
4ee624ba618e49234700248189f5f77acf310f5a;2020-11-26T17_37_21.343Z;0;0;0;36
4ee624ba618e49234700248189f5f77acf310f5a;2020-11-26T17_47_25.821Z;0;0;0;36
4ee624ba618e49234700248189f5f77acf310f5a;2020-11-26T17_48_59.374Z;0;0;0;36
4ee624ba618e49234700248189f5f77acf310f5a;2020-11-26T17_50_08.072Z;0;0;0;36
4ee624ba618e49234700248189f5f77acf310f5a;2020-11-26T17_50_32.646Z;0;0;0;13
4ee624ba618e49234700248189f5f77acf310f5a;2020-11-26T17_51_23.843Z;1;0;0;17
4ee624ba618e49234700248189f5f77acf310f5a;2020-11-26T18_58_04.568Z;0;0;0;36
4ee624ba618e49234700248189f5f77acf310f5a;2020-11-26T19_01_31.604Z;2;0;0;0
4ee624ba618e49234700248189f5f77acf310f5a;2020-11-26T19_07_46.923Z;0;0;0;36
4ee624ba618e49234700248189f5f77acf310f5a;2020-11-26T20_13_19.146Z;0;0;7;29
4ee624ba618e49234700248189f5f77acf310f5a;2020-11-26T21_05_26.363Z;0;0;3;33
4ee624ba618e49234700248189f5f77acf310f5a;2020-11-26T21_33_22.239Z;0;0;1;35
4ee624ba618e49234700248189f5f77acf310f5a;2020-11-26T22_32_55.966Z;0;0;0;36
4ee624ba618e49234700248189f5f77acf310f5a;2020-11-26T22_32_55.980Z;0;0;0;36
4ee624ba618e49234700248189f5f77acf310f5a;2020-11-26T22_32_55.988Z;0;0;0;36
4ee624ba618e49234700248189f5f77acf310f5a;2020-11-26T22_32_55.994Z;0;0;0;36
4ee624ba618e49234700248189f5f77acf310f5a;2020-11-26T22_48_17.272Z;0;0;0;36
4ee624ba618e49234700248189f5f77acf310f5a;2020-11-26T22_48_17.286Z;0;0;0;36
4ee624ba618e49234700248189f5f77acf310f5a;2020-11-26T23_10_07.364Z;0;0;0;36
4ee624ba618e49234700248189f5f77acf310f5a;2020-11-26T23_23_51.612Z;0;0;0;36
4ee624ba618e49234700248189f5f77acf310f5a;2020-11-26T23_40_15.639Z;0;0;0;36
4ee624ba618e49234700248189f5f77acf310f5a;2020-11-26T23_51_39.281Z;0;0;0;36
50a9d11d5eaae9d4ded85ab934739b0729868a9b;2020-11-25T15_41_31.640Z;1;0;0;0
50a9d11d5eaae9d4ded85ab934739b0729868a9b;2020-11-25T15_41_54.336Z;0;0;0;13
50a9d11d5eaae9d4ded85ab934739b0729868a9b;2020-11-25T15_45_33.042Z;0;0;0;13
50a9d11d5eaae9d4ded85ab934739b0729868a9b;2020-11-25T15_54_36.482Z;2;0;0;0
50a9d11d5eaae9d4ded85ab934739b0729868a9b;2020-11-25T19_39_02.611Z;2;0;0;0
50a9d11d5eaae9d4ded85ab934739b0729868a9b;2020-11-25T20_48_39.079Z;2;0;0;0
50a9d11d5eaae9d4ded85ab934739b0729868a9b;2020-11-25T21_11_17.889Z;2;0;0;0
50a9d11d5eaae9d4ded85ab934739b0729868a9b;2020-11-25T22_37_28.843Z;2;0;0;0
50a9d11d5eaae9d4ded85ab934739b0729868a9b;2020-11-26T00_14_57.924Z;2;0;0;0
50a9d11d5eaae9d4ded85ab934739b0729868a9b;2020-11-26T01_00_28.452Z;2;0;0;0
50a9d11d5eaae9d4ded85ab934739b0729868a9b;2020-11-26T01_14_27.178Z;0;0;9;22
50a9d11d5eaae9d4ded85ab934739b0729868a9b;2020-11-26T01_43_48.683Z;0;0;13;23
50a9d11d5eaae9d4ded85ab934739b0729868a9b;2020-11-26T01_52_19.570Z;0;2;9;27
50a9d11d5eaae9d4ded85ab934739b0729868a9b;2020-11-26T02_14_39.230Z;2;0;0;0
50a9d11d5eaae9d4ded85ab934739b0729868a9b;2020-11-26T03_29_31.767Z;0;1;7;29
50a9d11d5eaae9d4ded85ab934739b0729868a9b;2020-11-26T20_40_26.883Z;0;0;13;23
50a9d11d5eaae9d4ded85ab934739b0729868a9b;2020-11-26T22_35_17.057Z;1;0;0;17
50a9d11d5eaae9d4ded85ab934739b0729868a9b;2020-11-26T23_30_25.481Z;0;0;13;23
50a9d11d5eaae9d4ded85ab934739b0729868a9b;2020-11-27T19_52_46.677Z;1;0;0;17
50a9d11d5eaae9d4ded85ab934739b0729868a9b;2020-11-27T20_13_35.412Z;0;1;10;26
50a9d11d5eaae9d4ded85ab934739b0729868a9b;2020-11-27T20_14_37.934Z;0;1;7;29
50fa24df3a840e16ab9aac65494fb39960a78ac3;2020-11-19T15_56_48.966Z;1;0;0;0
50fa24df3a840e16ab9aac65494fb39960a78ac3;2020-11-19T15_59_01.466Z;0;0;0;13
50fa24df3a840e16ab9aac65494fb39960a78ac3;2020-11-19T16_01_56.349Z;0;0;14;22
50fa24df3a840e16ab9aac65494fb39960a78ac3;2020-11-19T16_43_11.341Z;0;1;8;28
50fa24df3a840e16ab9aac65494fb39960a78ac3;2020-11-19T17_07_13.163Z;0;1;8;28
50fa24df3a840e16ab9aac65494fb39960a78ac3;2020-11-20T16_08_16.167Z;1;0;0;17
50fa24df3a840e16ab9aac65494fb39960a78ac3;2020-11-20T16_21_04.489Z;0;1;7;29
50fa24df3a840e16ab9aac65494fb39960a78ac3;2020-11-20T16_22_09.222Z;1;0;0;17
50fa24df3a840e16ab9aac65494fb39960a78ac3;2020-11-21T00_06_42.004Z;0;1;7;29
50fa24df3a840e16ab9aac65494fb39960a78ac3;2020-11-21T00_12_01.542Z;0;0;14;22
50fa24df3a840e16ab9aac65494fb39960a78ac3;2020-11-21T00_37_08.430Z;0;1;7;29
50fa24df3a840e16ab9aac65494fb39960a78ac3;2020-11-23T21_05_35.692Z;0;1;3;33
50fa24df3a840e16ab9aac65494fb39960a78ac3;2020-11-23T21_10_59.001Z;1;0;0;17
50fa24df3a840e16ab9aac65494fb39960a78ac3;2020-11-24T13_05_24.681Z;0;0;12;24
50fa24df3a840e16ab9aac65494fb39960a78ac3;2020-11-24T21_23_40.838Z;0;0;12;24
50fa24df3a840e16ab9aac65494fb39960a78ac3;2020-11-24T22_20_55.326Z;0;0;9;27
50fa24df3a840e16ab9aac65494fb39960a78ac3;2020-11-24T22_36_09.429Z;0;0;8;28
50fa24df3a840e16ab9aac65494fb39960a78ac3;2020-11-25T01_59_38.204Z;0;2;4;28
50fa24df3a840e16ab9aac65494fb39960a78ac3;2020-11-25T02_22_46.562Z;0;1;3;33
50fa24df3a840e16ab9aac65494fb39960a78ac3;2020-11-25T02_24_20.472Z;0;2;4;27
50fa24df3a840e16ab9aac65494fb39960a78ac3;2020-11-25T05_03_42.207Z;0;2;4;28
50fa24df3a840e16ab9aac65494fb39960a78ac3;2020-11-25T05_12_01.254Z;0;0;0;26
50fa24df3a840e16ab9aac65494fb39960a78ac3;2020-11-25T05_41_58.384Z;0;0;0;25
50fa24df3a840e16ab9aac65494fb39960a78ac3;2020-11-25T08_29_36.685Z;0;0;0;26
50fa24df3a840e16ab9aac65494fb39960a78ac3;2020-11-25T08_46_51.472Z;0;0;1;27
50fa24df3a840e16ab9aac65494fb39960a78ac3;2020-11-25T15_34_05.516Z;0;0;0;26
50fa24df3a840e16ab9aac65494fb39960a78ac3;2020-11-25T15_38_05.447Z;0;0;0;27
50fa24df3a840e16ab9aac65494fb39960a78ac3;2020-11-25T15_38_50.816Z;0;0;0;31
50fa24df3a840e16ab9aac65494fb39960a78ac3;2020-11-26T21_58_42.804Z;0;0;1;25
50fa24df3a840e16ab9aac65494fb39960a78ac3;2020-11-26T23_06_51.610Z;0;0;0;25
50fa24df3a840e16ab9aac65494fb39960a78ac3;2020-11-27T16_40_21.426Z;0;0;0;30
542af3c2f80579d059d762834b7c212e25ee3e33;2020-11-17T19_08_59.812Z;1;0;0;0
542af3c2f80579d059d762834b7c212e25ee3e33;2020-11-17T19_09_34.330Z;1;0;0;0
542af3c2f80579d059d762834b7c212e25ee3e33;2020-11-17T19_54_52.746Z;0;0;0;11
542af3c2f80579d059d762834b7c212e25ee3e33;2020-11-17T19_59_58.642Z;0;0;14;21
542af3c2f80579d059d762834b7c212e25ee3e33;2020-11-17T21_08_12.473Z;0;1;8;28
542af3c2f80579d059d762834b7c212e25ee3e33;2020-11-17T23_09_42.375Z;2;0;0;0
542af3c2f80579d059d762834b7c212e25ee3e33;2020-11-18T00_25_37.674Z;0;1;8;28
542af3c2f80579d059d762834b7c212e25ee3e33;2020-11-18T02_32_54.995Z;0;1;8;28
542af3c2f80579d059d762834b7c212e25ee3e33;2020-11-18T15_12_33.358Z;2;0;0;0
542af3c2f80579d059d762834b7c212e25ee3e33;2020-11-18T15_36_24.746Z;0;1;8;28
542af3c2f80579d059d762834b7c212e25ee3e33;2020-11-19T03_22_55.725Z;0;1;4;32
542af3c2f80579d059d762834b7c212e25ee3e33;2020-11-19T18_00_37.860Z;0;1;13;23
542af3c2f80579d059d762834b7c212e25ee3e33;2020-11-19T19_42_10.145Z;0;1;13;23
542af3c2f80579d059d762834b7c212e25ee3e33;2020-11-19T20_00_06.729Z;0;1;13;23
542af3c2f80579d059d762834b7c212e25ee3e33;2020-11-19T20_26_10.829Z;0;1;13;23
542af3c2f80579d059d762834b7c212e25ee3e33;2020-11-21T17_31_08.787Z;0;2;8;28
542af3c2f80579d059d762834b7c212e25ee3e33;2020-11-21T18_08_49.921Z;0;6;9;27
542af3c2f80579d059d762834b7c212e25ee3e33;2020-11-21T21_14_13.538Z;0;3;6;30
542af3c2f80579d059d762834b7c212e25ee3e33;2020-11-21T22_49_16.508Z;1;0;0;17
542af3c2f80579d059d762834b7c212e25ee3e33;2020-11-21T23_16_19.742Z;1;0;0;17
542af3c2f80579d059d762834b7c212e25ee3e33;2020-11-22T02_11_40.201Z;1;0;0;17
542af3c2f80579d059d762834b7c212e25ee3e33;2020-11-22T02_56_55.043Z;1;0;0;17
542af3c2f80579d059d762834b7c212e25ee3e33;2020-11-22T16_48_10.595Z;1;0;0;17
542af3c2f80579d059d762834b7c212e25ee3e33;2020-11-22T22_56_09.426Z;1;0;0;17
542af3c2f80579d059d762834b7c212e25ee3e33;2020-11-23T02_36_33.142Z;1;0;0;17
542af3c2f80579d059d762834b7c212e25ee3e33;2020-11-23T02_45_13.760Z;0;0;0;36
542af3c2f80579d059d762834b7c212e25ee3e33;2020-11-23T02_53_10.756Z;1;0;0;17
542af3c2f80579d059d762834b7c212e25ee3e33;2020-11-23T03_11_38.144Z;1;0;0;17
542af3c2f80579d059d762834b7c212e25ee3e33;2020-11-23T15_56_10.221Z;1;0;0;17
542af3c2f80579d059d762834b7c212e25ee3e33;2020-11-23T16_05_18.590Z;0;0;0;36
542af3c2f80579d059d762834b7c212e25ee3e33;2020-11-23T16_15_24.418Z;1;0;0;17
556833fe62464359391055ea2e18e848d48ad897;2020-11-15T23_24_27.033Z;1;0;0;0
556833fe62464359391055ea2e18e848d48ad897;2020-11-15T23_24_34.379Z;2;0;0;0
556833fe62464359391055ea2e18e848d48ad897;2020-11-15T23_24_56.448Z;0;0;0;13
556833fe62464359391055ea2e18e848d48ad897;2020-11-15T23_25_03.229Z;1;0;0;17
556833fe62464359391055ea2e18e848d48ad897;2020-11-15T23_27_09.327Z;0;0;0;36
556833fe62464359391055ea2e18e848d48ad897;2020-11-15T23_27_25.911Z;0;0;0;36
556833fe62464359391055ea2e18e848d48ad897;2020-11-18T15_13_29.127Z;0;0;0;36
556833fe62464359391055ea2e18e848d48ad897;2020-11-18T15_14_55.789Z;1;0;0;17
556833fe62464359391055ea2e18e848d48ad897;2020-11-18T17_31_55.064Z;2;0;0;0
556833fe62464359391055ea2e18e848d48ad897;2020-11-19T17_36_59.499Z;0;0;6;21
556833fe62464359391055ea2e18e848d48ad897;2020-11-19T17_40_36.483Z;2;0;0;0
556833fe62464359391055ea2e18e848d48ad897;2020-11-19T18_42_20.724Z;0;0;0;36
556833fe62464359391055ea2e18e848d48ad897;2020-11-19T18_42_30.167Z;0;0;0;36
556833fe62464359391055ea2e18e848d48ad897;2020-11-19T18_43_14.817Z;0;0;6;21
556833fe62464359391055ea2e18e848d48ad897;2020-11-19T19_17_14.162Z;0;0;0;36
556833fe62464359391055ea2e18e848d48ad897;2020-11-19T19_17_26.395Z;0;0;0;36
556833fe62464359391055ea2e18e848d48ad897;2020-11-19T19_41_34.380Z;2;0;0;0
556833fe62464359391055ea2e18e848d48ad897;2020-11-22T21_54_11.197Z;0;0;0;36
556833fe62464359391055ea2e18e848d48ad897;2020-11-22T21_57_07.870Z;2;0;0;0
556833fe62464359391055ea2e18e848d48ad897;2020-11-23T14_42_24.465Z;2;0;0;0
556833fe62464359391055ea2e18e848d48ad897;2020-11-23T15_51_44.828Z;0;0;0;36
556833fe62464359391055ea2e18e848d48ad897;2020-11-23T15_51_44.844Z;0;0;0;36
556833fe62464359391055ea2e18e848d48ad897;2020-11-23T17_12_09.485Z;2;0;0;0
556833fe62464359391055ea2e18e848d48ad897;2020-11-23T17_12_46.890Z;0;0;6;21
556833fe62464359391055ea2e18e848d48ad897;2020-11-23T18_51_43.091Z;1;0;0;17
556833fe62464359391055ea2e18e848d48ad897;2020-11-23T18_51_43.123Z;2;0;0;0
556833fe62464359391055ea2e18e848d48ad897;2020-11-23T21_37_36.100Z;1;0;0;17
556833fe62464359391055ea2e18e848d48ad897;2020-11-23T21_38_21.757Z;2;0;0;0
556833fe62464359391055ea2e18e848d48ad897;2020-11-23T22_36_30.114Z;2;0;0;0
556833fe62464359391055ea2e18e848d48ad897;2020-11-23T23_19_48.967Z;1;0;0;17
556833fe62464359391055ea2e18e848d48ad897;2020-11-24T14_23_02.825Z;1;0;0;17
556833fe62464359391055ea2e18e848d48ad897;2020-11-24T19_51_11.529Z;1;0;0;17
556833fe62464359391055ea2e18e848d48ad897;2020-11-24T21_28_31.981Z;1;0;0;17
556833fe62464359391055ea2e18e848d48ad897;2020-11-25T01_41_54.382Z;2;0;0;0
556833fe62464359391055ea2e18e848d48ad897;2020-11-25T01_53_34.090Z;2;0;0;0
556833fe62464359391055ea2e18e848d48ad897;2020-11-25T18_10_33.388Z;1;0;0;17
556833fe62464359391055ea2e18e848d48ad897;2020-11-25T18_43_03.132Z;2;0;0;0
556833fe62464359391055ea2e18e848d48ad897;2020-11-25T19_08_49.088Z;2;0;0;0
556833fe62464359391055ea2e18e848d48ad897;2020-11-25T19_32_43.473Z;1;0;0;17
556833fe62464359391055ea2e18e848d48ad897;2020-11-25T19_39_46.579Z;0;21;21;15
556833fe62464359391055ea2e18e848d48ad897;2020-11-25T20_01_04.138Z;0;21;21;15
556833fe62464359391055ea2e18e848d48ad897;2020-11-25T20_21_37.467Z;2;0;0;0
556833fe62464359391055ea2e18e848d48ad897;2020-11-25T20_36_20.026Z;0;21;21;15
556833fe62464359391055ea2e18e848d48ad897;2020-11-25T21_11_22.266Z;1;0;0;17
556833fe62464359391055ea2e18e848d48ad897;2020-11-25T22_42_38.815Z;1;0;0;17
556833fe62464359391055ea2e18e848d48ad897;2020-11-26T01_16_17.271Z;0;0;0;36
556833fe62464359391055ea2e18e848d48ad897;2020-11-26T01_18_35.357Z;0;21;21;15
556833fe62464359391055ea2e18e848d48ad897;2020-11-26T01_23_50.918Z;1;0;0;17
556833fe62464359391055ea2e18e848d48ad897;2020-11-26T15_22_06.639Z;0;15;16;20
556833fe62464359391055ea2e18e848d48ad897;2020-11-26T15_37_33.815Z;0;21;21;15
556833fe62464359391055ea2e18e848d48ad897;2020-11-26T15_38_11.799Z;0;15;16;20
556833fe62464359391055ea2e18e848d48ad897;2020-11-26T16_40_51.280Z;0;21;21;15
556833fe62464359391055ea2e18e848d48ad897;2020-11-26T16_43_55.582Z;0;13;15;21
556833fe62464359391055ea2e18e848d48ad897;2021-02-24T15_25_15.846Z;0;13;15;21
55c22b2f9d6817c1fe72d44c330abca86d474e26;2020-11-18T15_02_55.777Z;1;0;0;0
55c22b2f9d6817c1fe72d44c330abca86d474e26;2020-11-18T15_28_06.438Z;2;0;0;0
55c22b2f9d6817c1fe72d44c330abca86d474e26;2020-11-18T15_49_26.889Z;2;0;0;0
55c22b2f9d6817c1fe72d44c330abca86d474e26;2020-11-18T16_15_32.710Z;2;0;0;0
55c22b2f9d6817c1fe72d44c330abca86d474e26;2020-11-18T18_26_15.692Z;0;0;0;36
55c22b2f9d6817c1fe72d44c330abca86d474e26;2020-11-18T18_49_06.822Z;0;0;0;36
55c22b2f9d6817c1fe72d44c330abca86d474e26;2020-11-18T18_49_41.090Z;0;0;0;13
55c22b2f9d6817c1fe72d44c330abca86d474e26;2020-11-18T18_52_50.393Z;0;0;13;23
55c22b2f9d6817c1fe72d44c330abca86d474e26;2020-11-18T19_23_01.372Z;0;12;12;24
55c22b2f9d6817c1fe72d44c330abca86d474e26;2020-11-19T00_17_04.204Z;0;1;5;31
55c22b2f9d6817c1fe72d44c330abca86d474e26;2020-11-19T00_30_24.104Z;2;0;0;0
55c22b2f9d6817c1fe72d44c330abca86d474e26;2020-11-19T00_49_14.299Z;2;0;0;0
55c22b2f9d6817c1fe72d44c330abca86d474e26;2020-11-19T01_19_04.314Z;0;1;5;31
55c22b2f9d6817c1fe72d44c330abca86d474e26;2020-11-19T01_37_24.213Z;0;1;1;31
55c22b2f9d6817c1fe72d44c330abca86d474e26;2020-11-19T03_15_41.246Z;0;1;5;31
55c22b2f9d6817c1fe72d44c330abca86d474e26;2020-11-19T03_31_53.863Z;2;0;0;0
55c22b2f9d6817c1fe72d44c330abca86d474e26;2020-11-19T04_18_50.097Z;0;1;5;31
55c22b2f9d6817c1fe72d44c330abca86d474e26;2020-11-19T21_30_51.783Z;2;0;0;0
55c22b2f9d6817c1fe72d44c330abca86d474e26;2020-11-19T23_26_59.061Z;0;1;3;33
55c22b2f9d6817c1fe72d44c330abca86d474e26;2020-11-22T20_30_27.539Z;0;1;1;35
55c22b2f9d6817c1fe72d44c330abca86d474e26;2020-11-22T21_11_35.640Z;1;0;0;17
55c22b2f9d6817c1fe72d44c330abca86d474e26;2020-11-23T02_30_51.923Z;0;3;9;24
55c22b2f9d6817c1fe72d44c330abca86d474e26;2020-11-23T02_52_14.089Z;0;3;9;24
55c22b2f9d6817c1fe72d44c330abca86d474e26;2020-11-24T00_02_39.407Z;0;1;1;35
55c22b2f9d6817c1fe72d44c330abca86d474e26;2020-11-24T00_24_09.021Z;0;4;11;25
55c22b2f9d6817c1fe72d44c330abca86d474e26;2020-11-24T01_59_18.224Z;0;2;8;28
55c22b2f9d6817c1fe72d44c330abca86d474e26;2020-11-24T03_33_02.952Z;0;1;1;35
55c22b2f9d6817c1fe72d44c330abca86d474e26;2020-11-24T03_52_32.112Z;0;2;8;28
55c22b2f9d6817c1fe72d44c330abca86d474e26;2020-11-24T15_25_54.731Z;1;0;0;17
55c22b2f9d6817c1fe72d44c330abca86d474e26;2020-11-24T16_28_32.255Z;0;3;7;29
55c22b2f9d6817c1fe72d44c330abca86d474e26;2020-11-24T19_36_31.876Z;0;4;4;32
55c22b2f9d6817c1fe72d44c330abca86d474e26;2020-11-24T19_48_43.271Z;0;1;1;35
55c22b2f9d6817c1fe72d44c330abca86d474e26;2020-11-24T19_50_13.905Z;0;4;4;32
55c22b2f9d6817c1fe72d44c330abca86d474e26;2020-11-24T22_32_37.214Z;0;0;0;36
55c22b2f9d6817c1fe72d44c330abca86d474e26;2020-11-24T23_15_01.278Z;0;0;0;36
55c22b2f9d6817c1fe72d44c330abca86d474e26;2020-11-24T23_21_53.080Z;0;0;0;36
55c22b2f9d6817c1fe72d44c330abca86d474e26;2020-11-25T03_48_17.411Z;0;0;0;36
55c22b2f9d6817c1fe72d44c330abca86d474e26;2020-11-25T03_49_44.376Z;0;0;0;36
55c22b2f9d6817c1fe72d44c330abca86d474e26;2020-11-25T04_13_18.164Z;0;0;0;36
55c22b2f9d6817c1fe72d44c330abca86d474e26;2020-11-25T23_41_12.786Z;0;0;0;36
55c22b2f9d6817c1fe72d44c330abca86d474e26;2020-11-25T23_46_49.330Z;0;0;0;36
55c22b2f9d6817c1fe72d44c330abca86d474e26;2020-11-26T00_10_29.124Z;0;0;0;36
55c22b2f9d6817c1fe72d44c330abca86d474e26;2020-11-26T00_51_21.459Z;0;0;0;36
55c22b2f9d6817c1fe72d44c330abca86d474e26;2020-11-26T01_46_10.350Z;0;0;0;36
55c22b2f9d6817c1fe72d44c330abca86d474e26;2020-11-26T01_48_44.107Z;0;0;0;36
57ee738221009ddeee88e1636ea1d3cc0e9985c5;2020-11-26T00_00_33.281Z;1;0;0;0
57ee738221009ddeee88e1636ea1d3cc0e9985c5;2020-11-26T00_19_00.106Z;1;0;0;17
57ee738221009ddeee88e1636ea1d3cc0e9985c5;2020-11-26T00_25_04.372Z;0;1;6;30
57ee738221009ddeee88e1636ea1d3cc0e9985c5;2020-11-26T00_45_40.677Z;0;1;6;30
57ee738221009ddeee88e1636ea1d3cc0e9985c5;2020-11-26T01_41_39.414Z;0;1;2;34
57ee738221009ddeee88e1636ea1d3cc0e9985c5;2020-11-26T01_42_05.591Z;0;0;0;36
58247ed7f5f7ef58de87e5c75e111bb8c1319e5f;2020-11-19T04_11_26.343Z;0;0;0;36
58247ed7f5f7ef58de87e5c75e111bb8c1319e5f;2020-11-19T04_11_40.281Z;0;0;0;36
58247ed7f5f7ef58de87e5c75e111bb8c1319e5f;2020-11-19T04_11_42.499Z;0;0;0;36
58247ed7f5f7ef58de87e5c75e111bb8c1319e5f;2020-11-19T04_12_53.252Z;0;0;0;36
58247ed7f5f7ef58de87e5c75e111bb8c1319e5f;2020-11-19T04_13_16.542Z;0;0;0;36
58247ed7f5f7ef58de87e5c75e111bb8c1319e5f;2020-11-19T04_13_16.556Z;0;0;0;36
58247ed7f5f7ef58de87e5c75e111bb8c1319e5f;2020-11-19T04_13_50.852Z;0;0;0;36
58247ed7f5f7ef58de87e5c75e111bb8c1319e5f;2020-11-19T04_14_38.860Z;0;0;0;13
58247ed7f5f7ef58de87e5c75e111bb8c1319e5f;2020-11-19T04_16_00.956Z;1;0;0;17
58247ed7f5f7ef58de87e5c75e111bb8c1319e5f;2020-11-19T04_21_06.083Z;0;0;0;36
58247ed7f5f7ef58de87e5c75e111bb8c1319e5f;2020-11-22T14_11_59.502Z;0;0;0;36
58247ed7f5f7ef58de87e5c75e111bb8c1319e5f;2020-11-22T14_12_14.183Z;2;0;0;0
58247ed7f5f7ef58de87e5c75e111bb8c1319e5f;2020-11-22T14_13_48.694Z;0;0;14;22
58247ed7f5f7ef58de87e5c75e111bb8c1319e5f;2020-11-22T14_38_22.930Z;0;13;13;23
58247ed7f5f7ef58de87e5c75e111bb8c1319e5f;2020-11-22T17_27_13.686Z;0;2;8;28
58247ed7f5f7ef58de87e5c75e111bb8c1319e5f;2020-11-22T18_34_45.921Z;0;0;14;22
58247ed7f5f7ef58de87e5c75e111bb8c1319e5f;2020-11-22T18_56_18.410Z;0;0;2;34
58247ed7f5f7ef58de87e5c75e111bb8c1319e5f;2020-11-22T20_02_40.366Z;0;0;2;34
58247ed7f5f7ef58de87e5c75e111bb8c1319e5f;2020-11-22T20_45_24.728Z;0;0;14;22
58247ed7f5f7ef58de87e5c75e111bb8c1319e5f;2020-11-23T01_22_10.791Z;0;0;10;26
58247ed7f5f7ef58de87e5c75e111bb8c1319e5f;2020-11-23T17_13_41.298Z;0;0;6;30
58247ed7f5f7ef58de87e5c75e111bb8c1319e5f;2020-11-23T17_37_13.934Z;0;0;0;36
58247ed7f5f7ef58de87e5c75e111bb8c1319e5f;2020-11-23T17_44_02.794Z;0;0;6;30
58247ed7f5f7ef58de87e5c75e111bb8c1319e5f;2020-11-23T17_52_36.782Z;0;0;0;36
58247ed7f5f7ef58de87e5c75e111bb8c1319e5f;2020-11-23T18_08_24.291Z;0;0;0;36
58247ed7f5f7ef58de87e5c75e111bb8c1319e5f;2020-11-23T18_25_45.754Z;0;0;4;32
58247ed7f5f7ef58de87e5c75e111bb8c1319e5f;2020-11-23T20_20_41.862Z;0;0;0;36
58247ed7f5f7ef58de87e5c75e111bb8c1319e5f;2020-11-23T20_21_18.201Z;0;0;0;36
58247ed7f5f7ef58de87e5c75e111bb8c1319e5f;2020-11-23T20_36_35.897Z;0;0;0;36
585e11bbcd145d378d188bde0220988e63005f64;2020-11-16T12_28_50.926Z;1;0;0;0
585e11bbcd145d378d188bde0220988e63005f64;2020-11-16T13_01_59.519Z;1;13;13;1
585e11bbcd145d378d188bde0220988e63005f64;2020-11-16T13_24_51.923Z;0;0;0;36
585e11bbcd145d378d188bde0220988e63005f64;2020-11-16T13_27_46.607Z;0;0;0;36
585e11bbcd145d378d188bde0220988e63005f64;2020-11-16T13_28_14.196Z;0;0;0;36
585e11bbcd145d378d188bde0220988e63005f64;2020-11-16T13_28_21.855Z;0;0;0;36
585e11bbcd145d378d188bde0220988e63005f64;2020-11-16T14_16_45.031Z;0;9;9;27
585e11bbcd145d378d188bde0220988e63005f64;2020-11-16T17_18_47.698Z;0;9;9;27
585e11bbcd145d378d188bde0220988e63005f64;2020-11-16T17_35_34.928Z;0;0;0;13
585e11bbcd145d378d188bde0220988e63005f64;2020-11-16T18_39_13.009Z;0;2;3;23
585e11bbcd145d378d188bde0220988e63005f64;2020-11-16T21_48_12.891Z;2;0;0;0
585e11bbcd145d378d188bde0220988e63005f64;2020-11-16T22_13_22.473Z;0;9;9;27
585e11bbcd145d378d188bde0220988e63005f64;2020-11-16T22_39_04.285Z;0;0;1;35
585e11bbcd145d378d188bde0220988e63005f64;2020-11-16T22_44_39.373Z;0;0;0;36
585e11bbcd145d378d188bde0220988e63005f64;2020-11-16T22_51_44.058Z;0;0;0;36
585e11bbcd145d378d188bde0220988e63005f64;2020-11-16T22_51_48.051Z;0;0;0;36
585e11bbcd145d378d188bde0220988e63005f64;2020-11-16T22_51_55.044Z;0;0;0;36
585e11bbcd145d378d188bde0220988e63005f64;2020-11-17T10_33_09.804Z;0;0;1;35
585e11bbcd145d378d188bde0220988e63005f64;2020-11-17T10_59_00.381Z;0;0;0;36
585e11bbcd145d378d188bde0220988e63005f64;2020-11-17T10_59_00.389Z;0;0;0;36
585e11bbcd145d378d188bde0220988e63005f64;2020-11-17T10_59_00.397Z;0;0;0;36
585e11bbcd145d378d188bde0220988e63005f64;2020-11-17T10_59_00.405Z;0;0;0;36
585e11bbcd145d378d188bde0220988e63005f64;2020-11-17T10_59_00.419Z;0;0;0;36
585e11bbcd145d378d188bde0220988e63005f64;2020-11-17T12_57_51.016Z;0;0;0;36
585e11bbcd145d378d188bde0220988e63005f64;2020-11-17T13_22_44.306Z;0;0;0;36
5950ad0df7ed21fc66a3af04ed8cb667e6051a02;2020-11-23T22_15_41.641Z;1;0;0;0
5950ad0df7ed21fc66a3af04ed8cb667e6051a02;2020-11-23T22_40_58.769Z;0;0;0;36
5950ad0df7ed21fc66a3af04ed8cb667e6051a02;2020-11-23T22_41_00.581Z;0;0;0;36
5950ad0df7ed21fc66a3af04ed8cb667e6051a02;2020-11-23T22_41_55.570Z;0;0;0;13
5950ad0df7ed21fc66a3af04ed8cb667e6051a02;2020-11-23T22_46_48.300Z;0;0;14;22
5950ad0df7ed21fc66a3af04ed8cb667e6051a02;2020-11-23T22_47_54.418Z;1;4;8;5
5950ad0df7ed21fc66a3af04ed8cb667e6051a02;2020-11-24T00_22_50.355Z;2;0;0;0
5950ad0df7ed21fc66a3af04ed8cb667e6051a02;2020-11-24T00_39_54.148Z;0;1;5;31
5950ad0df7ed21fc66a3af04ed8cb667e6051a02;2020-11-24T01_07_49.328Z;0;1;1;35
5950ad0df7ed21fc66a3af04ed8cb667e6051a02;2020-11-24T01_49_12.495Z;0;1;1;35
5950ad0df7ed21fc66a3af04ed8cb667e6051a02;2020-11-24T02_01_33.661Z;1;0;0;17
5950ad0df7ed21fc66a3af04ed8cb667e6051a02;2020-11-24T20_56_21.735Z;0;2;13;23
5950ad0df7ed21fc66a3af04ed8cb667e6051a02;2020-11-24T23_12_38.736Z;0;0;6;30
5950ad0df7ed21fc66a3af04ed8cb667e6051a02;2020-11-24T23_23_42.184Z;0;0;6;30
5950ad0df7ed21fc66a3af04ed8cb667e6051a02;2020-11-26T02_28_52.882Z;1;0;0;17
5950ad0df7ed21fc66a3af04ed8cb667e6051a02;2020-11-26T03_03_37.494Z;0;0;0;36
5950ad0df7ed21fc66a3af04ed8cb667e6051a02;2020-11-26T03_33_31.941Z;0;1;1;35
5950ad0df7ed21fc66a3af04ed8cb667e6051a02;2020-11-26T03_33_36.034Z;0;0;0;36
5950ad0df7ed21fc66a3af04ed8cb667e6051a02;2020-11-26T03_52_03.504Z;0;0;0;36
5950ad0df7ed21fc66a3af04ed8cb667e6051a02;2020-11-26T03_52_21.156Z;0;0;0;36
5a88a68dbd6e3787f79323650ab8bc39cd043192;2020-11-17T00_18_25.748Z;0;0;0;36
5a88a68dbd6e3787f79323650ab8bc39cd043192;2020-11-17T00_18_27.339Z;0;0;0;36
5a88a68dbd6e3787f79323650ab8bc39cd043192;2020-11-17T00_18_55.110Z;1;0;0;0
5a88a68dbd6e3787f79323650ab8bc39cd043192;2020-11-17T00_22_17.126Z;0;0;0;36
5a88a68dbd6e3787f79323650ab8bc39cd043192;2020-11-17T00_22_17.135Z;0;0;0;36
5a88a68dbd6e3787f79323650ab8bc39cd043192;2020-11-17T00_48_20.147Z;2;0;0;0
5a88a68dbd6e3787f79323650ab8bc39cd043192;2020-11-18T00_39_16.710Z;0;0;0;36
5a88a68dbd6e3787f79323650ab8bc39cd043192;2020-11-18T00_39_23.465Z;0;0;0;36
5a88a68dbd6e3787f79323650ab8bc39cd043192;2020-11-18T00_39_26.656Z;0;0;0;36
5a88a68dbd6e3787f79323650ab8bc39cd043192;2020-11-18T00_59_51.294Z;2;0;0;0
5a88a68dbd6e3787f79323650ab8bc39cd043192;2020-11-18T02_25_18.822Z;2;0;0;0
5a88a68dbd6e3787f79323650ab8bc39cd043192;2020-11-18T03_04_00.019Z;0;13;14;22
5a88a68dbd6e3787f79323650ab8bc39cd043192;2020-11-18T18_19_50.484Z;0;13;14;22
5a88a68dbd6e3787f79323650ab8bc39cd043192;2020-11-18T18_38_14.396Z;0;0;0;13
5a88a68dbd6e3787f79323650ab8bc39cd043192;2020-11-18T19_03_12.570Z;0;0;0;17
5a88a68dbd6e3787f79323650ab8bc39cd043192;2020-11-18T19_55_20.556Z;0;9;15;21
5a88a68dbd6e3787f79323650ab8bc39cd043192;2020-11-18T20_25_13.205Z;0;9;15;21
5a88a68dbd6e3787f79323650ab8bc39cd043192;2020-11-18T20_25_13.212Z;0;0;0;36
5a88a68dbd6e3787f79323650ab8bc39cd043192;2020-11-18T20_25_13.229Z;0;0;0;36
5a88a68dbd6e3787f79323650ab8bc39cd043192;2020-11-18T20_39_53.737Z;0;9;15;21
5a88a68dbd6e3787f79323650ab8bc39cd043192;2020-11-18T21_12_42.027Z;0;2;4;32
5a88a68dbd6e3787f79323650ab8bc39cd043192;2020-11-18T21_43_41.229Z;2;0;0;0
5a88a68dbd6e3787f79323650ab8bc39cd043192;2020-11-19T00_03_13.346Z;0;2;4;32
5a88a68dbd6e3787f79323650ab8bc39cd043192;2020-11-19T00_37_37.708Z;1;0;0;17
5a88a68dbd6e3787f79323650ab8bc39cd043192;2020-11-19T00_44_47.576Z;0;0;0;36
5a88a68dbd6e3787f79323650ab8bc39cd043192;2020-11-19T00_44_58.903Z;0;0;0;36
5a88a68dbd6e3787f79323650ab8bc39cd043192;2020-11-19T01_17_00.220Z;1;0;0;17
5a88a68dbd6e3787f79323650ab8bc39cd043192;2020-11-19T20_06_45.026Z;0;2;4;32
5a88a68dbd6e3787f79323650ab8bc39cd043192;2020-11-19T20_31_55.832Z;0;2;4;32
5a88a68dbd6e3787f79323650ab8bc39cd043192;2020-11-19T20_45_42.522Z;0;9;14;22
5a88a68dbd6e3787f79323650ab8bc39cd043192;2020-11-19T22_48_46.545Z;0;9;14;22
5a88a68dbd6e3787f79323650ab8bc39cd043192;2020-11-19T23_32_07.347Z;0;11;14;22
5a88a68dbd6e3787f79323650ab8bc39cd043192;2020-11-20T00_07_54.323Z;1;0;0;17
5a88a68dbd6e3787f79323650ab8bc39cd043192;2020-11-20T00_52_04.964Z;0;8;10;26
5a88a68dbd6e3787f79323650ab8bc39cd043192;2020-11-20T01_07_58.513Z;0;8;8;28
5a88a68dbd6e3787f79323650ab8bc39cd043192;2020-11-20T01_37_49.662Z;0;1;3;33
5a88a68dbd6e3787f79323650ab8bc39cd043192;2020-11-20T01_45_24.767Z;0;0;0;36
5a88a68dbd6e3787f79323650ab8bc39cd043192;2020-11-20T01_46_51.464Z;0;0;0;36
5a88a68dbd6e3787f79323650ab8bc39cd043192;2020-11-20T01_52_46.475Z;0;5;7;29
5a88a68dbd6e3787f79323650ab8bc39cd043192;2020-11-22T14_07_02.765Z;0;7;9;27
5a88a68dbd6e3787f79323650ab8bc39cd043192;2020-11-22T14_17_51.856Z;0;1;3;33
5a88a68dbd6e3787f79323650ab8bc39cd043192;2020-11-23T21_14_49.869Z;0;0;0;36
5a88a68dbd6e3787f79323650ab8bc39cd043192;2020-11-23T21_41_12.014Z;0;0;0;36
5a88a68dbd6e3787f79323650ab8bc39cd043192;2020-11-23T21_41_12.031Z;0;0;0;36
5a88a68dbd6e3787f79323650ab8bc39cd043192;2020-11-23T21_41_12.042Z;0;0;0;36
5a88a68dbd6e3787f79323650ab8bc39cd043192;2020-11-23T21_41_42.023Z;0;4;7;29
5a88a68dbd6e3787f79323650ab8bc39cd043192;2020-11-23T22_10_01.491Z;0;4;7;29
5a88a68dbd6e3787f79323650ab8bc39cd043192;2020-11-24T00_33_40.388Z;0;0;0;36
5a88a68dbd6e3787f79323650ab8bc39cd043192;2020-11-24T00_33_56.721Z;0;0;0;36
5bd06d8ef939a24e4be9a8a295565db039cfb173;2020-11-14T17_43_42.776Z;1;0;0;0
5bd06d8ef939a24e4be9a8a295565db039cfb173;2020-11-14T18_00_54.238Z;2;0;0;0
5bd06d8ef939a24e4be9a8a295565db039cfb173;2020-11-16T00_44_53.473Z;2;0;0;0
5bd06d8ef939a24e4be9a8a295565db039cfb173;2020-11-16T21_26_33.785Z;2;0;0;0
5bd06d8ef939a24e4be9a8a295565db039cfb173;2020-11-17T01_09_27.088Z;0;12;13;23
5bd06d8ef939a24e4be9a8a295565db039cfb173;2020-11-17T01_30_40.516Z;0;0;0;13
5bd06d8ef939a24e4be9a8a295565db039cfb173;2020-11-17T01_32_10.922Z;0;0;13;23
5bd06d8ef939a24e4be9a8a295565db039cfb173;2020-11-17T01_44_16.170Z;0;5;8;28
5bd06d8ef939a24e4be9a8a295565db039cfb173;2020-11-20T01_11_22.180Z;0;1;8;28
5bd06d8ef939a24e4be9a8a295565db039cfb173;2020-11-23T22_48_37.171Z;1;1;4;11
5bd06d8ef939a24e4be9a8a295565db039cfb173;2020-11-24T00_57_28.179Z;0;0;6;30
5bd06d8ef939a24e4be9a8a295565db039cfb173;2020-11-24T01_18_36.859Z;0;0;6;30
5bd06d8ef939a24e4be9a8a295565db039cfb173;2020-11-24T02_02_53.865Z;2;0;0;0
5bd06d8ef939a24e4be9a8a295565db039cfb173;2020-11-24T14_13_59.724Z;0;0;3;33
5bd06d8ef939a24e4be9a8a295565db039cfb173;2020-11-24T14_17_27.184Z;1;0;0;17
5bd06d8ef939a24e4be9a8a295565db039cfb173;2020-11-25T02_14_49.463Z;0;0;13;23
5bd06d8ef939a24e4be9a8a295565db039cfb173;2020-11-25T02_24_05.801Z;0;0;3;33
5bd06d8ef939a24e4be9a8a295565db039cfb173;2020-11-25T02_42_37.112Z;1;0;0;17
5bd06d8ef939a24e4be9a8a295565db039cfb173;2020-11-25T22_35_12.337Z;0;0;2;34
5bd06d8ef939a24e4be9a8a295565db039cfb173;2020-11-25T23_52_29.399Z;0;2;10;26
5bd06d8ef939a24e4be9a8a295565db039cfb173;2020-11-26T00_57_41.328Z;0;1;10;26
5bd06d8ef939a24e4be9a8a295565db039cfb173;2020-11-26T01_17_36.991Z;0;1;10;26
5bd06d8ef939a24e4be9a8a295565db039cfb173;2020-11-26T02_18_15.667Z;1;0;0;17
5bd06d8ef939a24e4be9a8a295565db039cfb173;2020-11-26T02_47_25.700Z;1;0;0;17
5bd06d8ef939a24e4be9a8a295565db039cfb173;2020-11-26T03_08_41.220Z;0;0;0;36
5bd06d8ef939a24e4be9a8a295565db039cfb173;2020-11-26T03_16_15.201Z;1;0;0;17
5bd06d8ef939a24e4be9a8a295565db039cfb173;2020-11-26T04_06_13.994Z;0;0;0;36
5bd06d8ef939a24e4be9a8a295565db039cfb173;2020-11-26T04_21_40.452Z;0;0;0;36
5bd06d8ef939a24e4be9a8a295565db039cfb173;2020-11-26T04_23_40.952Z;0;1;6;30
5bd06d8ef939a24e4be9a8a295565db039cfb173;2021-04-15T19_33_20.658Z;0;1;6;30
5be9cd1cda5d6b1980de1fd652ef4229e3eb8577;2020-11-16T21_18_50.865Z;0;0;0;36
5be9cd1cda5d6b1980de1fd652ef4229e3eb8577;2020-11-16T21_20_53.672Z;1;0;0;0
5be9cd1cda5d6b1980de1fd652ef4229e3eb8577;2020-11-16T21_21_18.102Z;0;0;0;13
5be9cd1cda5d6b1980de1fd652ef4229e3eb8577;2020-11-16T21_26_30.990Z;0;6;17;19
5be9cd1cda5d6b1980de1fd652ef4229e3eb8577;2020-11-16T21_28_30.514Z;0;0;13;23
5be9cd1cda5d6b1980de1fd652ef4229e3eb8577;2020-11-16T21_52_58.186Z;0;0;0;36
5be9cd1cda5d6b1980de1fd652ef4229e3eb8577;2020-11-16T21_54_00.704Z;0;0;0;36
5be9cd1cda5d6b1980de1fd652ef4229e3eb8577;2020-11-16T22_17_20.358Z;0;0;0;36
5be9cd1cda5d6b1980de1fd652ef4229e3eb8577;2020-11-16T22_38_55.217Z;0;0;0;36
5be9cd1cda5d6b1980de1fd652ef4229e3eb8577;2020-11-16T23_10_04.473Z;0;1;5;31
5be9cd1cda5d6b1980de1fd652ef4229e3eb8577;2020-11-16T23_25_59.361Z;0;1;1;35
5be9cd1cda5d6b1980de1fd652ef4229e3eb8577;2020-11-16T23_47_52.427Z;0;0;0;36
5be9cd1cda5d6b1980de1fd652ef4229e3eb8577;2020-11-16T23_58_15.484Z;0;0;0;36
5be9cd1cda5d6b1980de1fd652ef4229e3eb8577;2020-11-17T00_01_30.929Z;0;0;0;36
5be9cd1cda5d6b1980de1fd652ef4229e3eb8577;2020-11-17T00_28_37.480Z;0;0;0;36
5be9cd1cda5d6b1980de1fd652ef4229e3eb8577;2020-11-19T21_30_53.272Z;0;0;0;36
5be9cd1cda5d6b1980de1fd652ef4229e3eb8577;2020-11-21T01_59_28.369Z;0;0;0;36
5be9cd1cda5d6b1980de1fd652ef4229e3eb8577;2020-11-21T02_39_02.323Z;0;0;0;36
5be9cd1cda5d6b1980de1fd652ef4229e3eb8577;2020-11-21T02_45_40.593Z;0;0;13;23
5be9cd1cda5d6b1980de1fd652ef4229e3eb8577;2020-11-21T03_03_29.388Z;0;0;0;36
5be9cd1cda5d6b1980de1fd652ef4229e3eb8577;2020-11-21T03_04_02.391Z;0;0;13;23
5be9cd1cda5d6b1980de1fd652ef4229e3eb8577;2020-11-21T03_17_44.292Z;0;0;0;36
5be9cd1cda5d6b1980de1fd652ef4229e3eb8577;2020-11-21T03_43_24.795Z;0;0;12;24
5be9cd1cda5d6b1980de1fd652ef4229e3eb8577;2020-11-21T05_36_40.181Z;0;0;0;36
5be9cd1cda5d6b1980de1fd652ef4229e3eb8577;2020-11-21T06_04_15.088Z;0;0;0;36
5be9cd1cda5d6b1980de1fd652ef4229e3eb8577;2020-11-21T06_50_43.428Z;0;0;7;29
5be9cd1cda5d6b1980de1fd652ef4229e3eb8577;2020-11-21T06_53_00.486Z;0;0;0;36
5be9cd1cda5d6b1980de1fd652ef4229e3eb8577;2020-11-21T07_19_23.775Z;0;0;0;36
5be9cd1cda5d6b1980de1fd652ef4229e3eb8577;2020-11-21T07_38_27.616Z;0;0;0;36
5be9cd1cda5d6b1980de1fd652ef4229e3eb8577;2020-11-21T07_39_05.673Z;0;0;6;30
5be9cd1cda5d6b1980de1fd652ef4229e3eb8577;2020-11-21T20_09_25.976Z;0;0;0;36
5be9cd1cda5d6b1980de1fd652ef4229e3eb8577;2020-11-21T20_18_20.602Z;1;0;0;17
5be9cd1cda5d6b1980de1fd652ef4229e3eb8577;2020-11-21T20_39_03.772Z;0;0;0;36
5be9cd1cda5d6b1980de1fd652ef4229e3eb8577;2020-11-21T21_11_10.279Z;1;0;0;17
5be9cd1cda5d6b1980de1fd652ef4229e3eb8577;2020-11-21T21_12_04.005Z;0;0;0;36
5be9cd1cda5d6b1980de1fd652ef4229e3eb8577;2020-11-21T22_18_46.213Z;0;0;0;36
5be9cd1cda5d6b1980de1fd652ef4229e3eb8577;2020-11-21T22_23_37.021Z;0;0;0;36
5be9cd1cda5d6b1980de1fd652ef4229e3eb8577;2020-11-21T22_25_13.574Z;0;1;1;35
5be9cd1cda5d6b1980de1fd652ef4229e3eb8577;2020-11-21T22_36_01.097Z;0;0;0;36
5be9cd1cda5d6b1980de1fd652ef4229e3eb8577;2020-11-25T20_46_15.656Z;0;4;4;32
5be9cd1cda5d6b1980de1fd652ef4229e3eb8577;2020-11-25T20_56_42.032Z;0;1;1;35
5be9cd1cda5d6b1980de1fd652ef4229e3eb8577;2020-11-25T21_12_14.239Z;0;5;5;31
5be9cd1cda5d6b1980de1fd652ef4229e3eb8577;2020-11-25T21_23_48.420Z;0;0;0;36
5be9cd1cda5d6b1980de1fd652ef4229e3eb8577;2020-11-25T21_24_04.680Z;0;0;0;36
5be9cd1cda5d6b1980de1fd652ef4229e3eb8577;2020-11-25T21_34_28.631Z;0;0;0;36
5be9cd1cda5d6b1980de1fd652ef4229e3eb8577;2020-11-25T21_35_14.737Z;0;0;0;36
5be9cd1cda5d6b1980de1fd652ef4229e3eb8577;2020-11-25T23_42_57.624Z;0;0;0;36
5be9cd1cda5d6b1980de1fd652ef4229e3eb8577;2020-11-26T00_10_59.871Z;0;0;0;36
5be9cd1cda5d6b1980de1fd652ef4229e3eb8577;2020-11-26T00_14_06.688Z;0;0;0;36
5c687dece2a95d9523cd5a32fc08c4818c0997e3;2020-11-19T21_27_27.792Z;0;0;0;36
5c687dece2a95d9523cd5a32fc08c4818c0997e3;2020-11-19T21_27_37.299Z;0;0;0;13
5c687dece2a95d9523cd5a32fc08c4818c0997e3;2020-11-19T21_29_30.275Z;0;0;0;36
5c687dece2a95d9523cd5a32fc08c4818c0997e3;2020-11-19T21_32_03.978Z;1;0;0;17
5c687dece2a95d9523cd5a32fc08c4818c0997e3;2020-11-23T02_28_05.545Z;0;0;0;36
5c687dece2a95d9523cd5a32fc08c4818c0997e3;2020-11-26T18_45_46.370Z;0;0;0;36
5c687dece2a95d9523cd5a32fc08c4818c0997e3;2020-11-26T19_17_23.903Z;0;0;0;36
5c687dece2a95d9523cd5a32fc08c4818c0997e3;2020-11-26T19_49_40.762Z;1;0;0;17
5c687dece2a95d9523cd5a32fc08c4818c0997e3;2020-11-26T19_52_25.405Z;0;0;0;36
5c687dece2a95d9523cd5a32fc08c4818c0997e3;2020-11-26T20_42_51.241Z;0;0;0;36
5c687dece2a95d9523cd5a32fc08c4818c0997e3;2020-11-26T20_43_26.080Z;0;1;1;35
5c687dece2a95d9523cd5a32fc08c4818c0997e3;2020-11-26T20_51_22.023Z;0;0;0;36
5c687dece2a95d9523cd5a32fc08c4818c0997e3;2020-11-26T20_52_30.796Z;0;1;1;35
5c687dece2a95d9523cd5a32fc08c4818c0997e3;2020-11-27T00_56_11.215Z;0;0;0;36
5c687dece2a95d9523cd5a32fc08c4818c0997e3;2020-11-27T01_20_43.240Z;0;0;0;36
5c687dece2a95d9523cd5a32fc08c4818c0997e3;2020-11-27T01_21_23.982Z;0;0;0;36
5d62f611d889cb7019dd0fc8cf9ef3b15a83c810;2020-11-26T01_01_29.277Z;1;0;0;0
5d62f611d889cb7019dd0fc8cf9ef3b15a83c810;2020-11-26T01_01_41.935Z;0;0;0;13
5d62f611d889cb7019dd0fc8cf9ef3b15a83c810;2020-11-26T01_17_25.867Z;2;0;0;0
5d62f611d889cb7019dd0fc8cf9ef3b15a83c810;2020-11-26T04_32_41.826Z;0;0;0;17
5d62f611d889cb7019dd0fc8cf9ef3b15a83c810;2020-11-26T04_37_51.452Z;1;0;4;4
5e2ba60bf6ae614bec98f4bde693868ba49a559e;2020-11-21T06_59_04.775Z;0;0;0;36
5e2ba60bf6ae614bec98f4bde693868ba49a559e;2020-11-22T03_21_25.200Z;1;0;0;0
5e2ba60bf6ae614bec98f4bde693868ba49a559e;2020-11-22T03_22_30.385Z;2;0;0;0
5e2ba60bf6ae614bec98f4bde693868ba49a559e;2020-11-22T03_35_58.743Z;0;0;0;36
5e2ba60bf6ae614bec98f4bde693868ba49a559e;2020-11-22T03_36_09.380Z;2;0;0;0
5e2ba60bf6ae614bec98f4bde693868ba49a559e;2020-11-22T03_51_31.006Z;2;0;0;0
5e2ba60bf6ae614bec98f4bde693868ba49a559e;2020-11-22T03_51_46.470Z;0;0;0;13
5e2ba60bf6ae614bec98f4bde693868ba49a559e;2020-11-22T03_51_59.147Z;0;0;0;13
5e2ba60bf6ae614bec98f4bde693868ba49a559e;2020-11-22T04_16_01.861Z;2;0;0;0
5e2ba60bf6ae614bec98f4bde693868ba49a559e;2020-11-22T04_51_15.919Z;0;0;0;17
5e2ba60bf6ae614bec98f4bde693868ba49a559e;2020-11-22T05_02_39.812Z;2;0;0;0
5e2ba60bf6ae614bec98f4bde693868ba49a559e;2020-11-22T05_12_12.738Z;1;0;0;17
5e2ba60bf6ae614bec98f4bde693868ba49a559e;2020-11-22T06_19_05.507Z;0;0;13;23
5e2ba60bf6ae614bec98f4bde693868ba49a559e;2020-11-22T06_44_37.686Z;0;0;13;23
5e2ba60bf6ae614bec98f4bde693868ba49a559e;2020-11-22T07_38_07.271Z;0;1;1;35
5e2ba60bf6ae614bec98f4bde693868ba49a559e;2020-11-23T20_06_49.143Z;0;0;0;36
5e2ba60bf6ae614bec98f4bde693868ba49a559e;2020-11-23T20_53_23.342Z;0;0;0;36
5e2ba60bf6ae614bec98f4bde693868ba49a559e;2020-11-23T21_27_21.594Z;1;0;0;17
5e2ba60bf6ae614bec98f4bde693868ba49a559e;2020-11-23T22_30_35.510Z;0;0;0;36
5e2ba60bf6ae614bec98f4bde693868ba49a559e;2020-11-23T22_44_59.655Z;0;0;13;23
5e2ba60bf6ae614bec98f4bde693868ba49a559e;2020-11-25T17_51_22.372Z;0;3;13;23
5e2ba60bf6ae614bec98f4bde693868ba49a559e;2020-11-25T19_13_09.900Z;0;2;8;28
5e2ba60bf6ae614bec98f4bde693868ba49a559e;2020-11-25T21_03_11.991Z;0;0;6;30
5e2ba60bf6ae614bec98f4bde693868ba49a559e;2020-11-25T22_01_09.781Z;1;0;0;17
5e2ba60bf6ae614bec98f4bde693868ba49a559e;2020-11-25T22_27_58.739Z;1;0;0;17
5e2ba60bf6ae614bec98f4bde693868ba49a559e;2020-11-25T22_53_55.311Z;1;0;0;17
5e2ba60bf6ae614bec98f4bde693868ba49a559e;2020-11-25T23_19_23.989Z;0;0;0;36
5e2ba60bf6ae614bec98f4bde693868ba49a559e;2020-11-25T23_20_50.813Z;0;0;0;36
5f696a4f439ae9f07efbb9de1a05465fb9a33565;2020-11-17T00_50_14.158Z;1;0;0;0
5f696a4f439ae9f07efbb9de1a05465fb9a33565;2020-11-17T01_28_23.946Z;2;0;0;0
5f696a4f439ae9f07efbb9de1a05465fb9a33565;2020-11-17T02_45_17.860Z;0;16;16;20
5f696a4f439ae9f07efbb9de1a05465fb9a33565;2020-11-17T13_07_06.482Z;0;0;0;13
5f696a4f439ae9f07efbb9de1a05465fb9a33565;2020-11-17T13_38_21.653Z;1;0;0;17
5f696a4f439ae9f07efbb9de1a05465fb9a33565;2020-11-17T14_16_46.766Z;1;0;0;17
5f696a4f439ae9f07efbb9de1a05465fb9a33565;2020-11-17T14_30_58.309Z;0;16;16;20
5f696a4f439ae9f07efbb9de1a05465fb9a33565;2020-11-17T14_35_26.978Z;1;0;0;17
5f696a4f439ae9f07efbb9de1a05465fb9a33565;2020-11-17T15_22_09.212Z;0;12;14;22
5f696a4f439ae9f07efbb9de1a05465fb9a33565;2020-11-17T15_33_25.027Z;0;5;5;31
5f696a4f439ae9f07efbb9de1a05465fb9a33565;2020-11-17T15_57_36.342Z;0;11;13;23
5f696a4f439ae9f07efbb9de1a05465fb9a33565;2020-11-17T16_12_21.058Z;2;0;0;0
5f696a4f439ae9f07efbb9de1a05465fb9a33565;2020-11-17T16_35_39.203Z;1;0;0;17
5f696a4f439ae9f07efbb9de1a05465fb9a33565;2020-11-17T17_08_57.811Z;0;1;1;35
5f696a4f439ae9f07efbb9de1a05465fb9a33565;2020-11-17T17_18_31.954Z;0;10;10;26
5f696a4f439ae9f07efbb9de1a05465fb9a33565;2020-11-17T19_13_24.710Z;0;0;0;36
5f696a4f439ae9f07efbb9de1a05465fb9a33565;2020-11-17T19_13_58.531Z;0;0;0;36
61462cc7f58a084c8e51fbd9ba9623cd545132ad;2020-11-16T01_52_05.879Z;0;0;0;36
61462cc7f58a084c8e51fbd9ba9623cd545132ad;2020-11-16T01_53_28.082Z;1;0;0;0
61462cc7f58a084c8e51fbd9ba9623cd545132ad;2020-11-16T02_19_44.706Z;0;0;0;36
61462cc7f58a084c8e51fbd9ba9623cd545132ad;2020-11-16T02_19_53.400Z;0;0;0;36
61462cc7f58a084c8e51fbd9ba9623cd545132ad;2020-11-16T02_20_10.869Z;0;0;0;36
61462cc7f58a084c8e51fbd9ba9623cd545132ad;2020-11-16T03_06_46.322Z;0;1;1;35
61462cc7f58a084c8e51fbd9ba9623cd545132ad;2020-11-16T21_23_51.639Z;0;0;0;13
61462cc7f58a084c8e51fbd9ba9623cd545132ad;2020-11-16T21_29_05.999Z;0;1;1;35
61462cc7f58a084c8e51fbd9ba9623cd545132ad;2020-11-16T21_48_03.255Z;1;0;0;17
61462cc7f58a084c8e51fbd9ba9623cd545132ad;2020-11-16T23_56_43.483Z;1;0;0;17
61462cc7f58a084c8e51fbd9ba9623cd545132ad;2020-11-17T01_02_21.598Z;1;0;0;17
61462cc7f58a084c8e51fbd9ba9623cd545132ad;2020-11-18T02_35_43.854Z;0;2;4;22
61462cc7f58a084c8e51fbd9ba9623cd545132ad;2020-11-18T02_56_55.761Z;0;4;7;24
61462cc7f58a084c8e51fbd9ba9623cd545132ad;2020-11-18T20_38_12.585Z;1;0;0;17
61462cc7f58a084c8e51fbd9ba9623cd545132ad;2020-11-18T21_26_10.618Z;0;8;10;26
61462cc7f58a084c8e51fbd9ba9623cd545132ad;2020-11-23T18_53_11.678Z;0;7;9;27
61462cc7f58a084c8e51fbd9ba9623cd545132ad;2020-11-23T19_19_33.373Z;0;1;1;35
61462cc7f58a084c8e51fbd9ba9623cd545132ad;2020-11-23T19_29_43.743Z;0;9;10;26
61462cc7f58a084c8e51fbd9ba9623cd545132ad;2020-11-23T19_54_30.209Z;0;1;1;35
61462cc7f58a084c8e51fbd9ba9623cd545132ad;2020-11-23T20_20_07.726Z;0;9;10;26
61462cc7f58a084c8e51fbd9ba9623cd545132ad;2020-11-24T01_01_22.285Z;0;8;10;26
61462cc7f58a084c8e51fbd9ba9623cd545132ad;2020-11-24T01_18_18.411Z;0;8;10;26
61462cc7f58a084c8e51fbd9ba9623cd545132ad;2020-11-24T04_55_32.256Z;0;7;9;27
61462cc7f58a084c8e51fbd9ba9623cd545132ad;2020-11-24T06_02_44.993Z;0;1;1;35
61462cc7f58a084c8e51fbd9ba9623cd545132ad;2020-11-24T06_07_05.489Z;0;3;6;30
61462cc7f58a084c8e51fbd9ba9623cd545132ad;2020-11-24T18_09_22.775Z;0;2;4;32
61462cc7f58a084c8e51fbd9ba9623cd545132ad;2020-11-24T18_29_40.972Z;0;2;3;33
61462cc7f58a084c8e51fbd9ba9623cd545132ad;2020-11-24T19_33_54.595Z;0;1;1;35
61462cc7f58a084c8e51fbd9ba9623cd545132ad;2020-11-25T00_36_10.073Z;0;2;3;33
61462cc7f58a084c8e51fbd9ba9623cd545132ad;2020-11-25T00_39_57.669Z;0;1;1;35
61462cc7f58a084c8e51fbd9ba9623cd545132ad;2020-11-25T01_12_17.923Z;0;0;0;36
61462cc7f58a084c8e51fbd9ba9623cd545132ad;2020-11-25T01_21_44.020Z;0;0;0;36
62c9c37ab7a39714cac0dde9affe3bd38751d13a;2020-11-15T02_08_17.212Z;0;0;0;36
62c9c37ab7a39714cac0dde9affe3bd38751d13a;2020-11-15T02_08_27.676Z;0;0;0;36
62c9c37ab7a39714cac0dde9affe3bd38751d13a;2020-11-26T17_24_57.526Z;1;0;0;0
62c9c37ab7a39714cac0dde9affe3bd38751d13a;2020-11-26T17_25_08.796Z;0;0;0;13
62c9c37ab7a39714cac0dde9affe3bd38751d13a;2020-11-26T17_25_55.327Z;0;0;0;17
62c9c37ab7a39714cac0dde9affe3bd38751d13a;2020-11-26T17_53_24.439Z;0;0;0;36
62c9c37ab7a39714cac0dde9affe3bd38751d13a;2020-11-26T17_54_08.968Z;0;0;0;36
62c9c37ab7a39714cac0dde9affe3bd38751d13a;2020-11-26T18_32_46.892Z;0;0;0;36
62c9c37ab7a39714cac0dde9affe3bd38751d13a;2020-11-26T19_38_00.020Z;0;0;5;26
62c9c37ab7a39714cac0dde9affe3bd38751d13a;2020-11-26T19_49_35.826Z;0;0;0;36
62c9c37ab7a39714cac0dde9affe3bd38751d13a;2020-11-26T20_40_19.461Z;0;0;0;36
62c9c37ab7a39714cac0dde9affe3bd38751d13a;2020-11-26T20_51_19.068Z;0;0;2;34
62c9c37ab7a39714cac0dde9affe3bd38751d13a;2020-11-26T20_51_31.495Z;0;0;0;36
62c9c37ab7a39714cac0dde9affe3bd38751d13a;2020-11-26T20_59_30.320Z;0;0;0;36
62c9c37ab7a39714cac0dde9affe3bd38751d13a;2020-11-26T21_37_41.747Z;0;0;0;36
62c9c37ab7a39714cac0dde9affe3bd38751d13a;2020-11-26T21_47_26.431Z;0;0;0;36
62c9c37ab7a39714cac0dde9affe3bd38751d13a;2020-11-26T21_56_07.352Z;0;0;0;36
62c9c37ab7a39714cac0dde9affe3bd38751d13a;2020-11-26T22_13_22.415Z;0;0;0;36
62c9c37ab7a39714cac0dde9affe3bd38751d13a;2020-11-26T22_33_20.095Z;0;0;0;36
62c9c37ab7a39714cac0dde9affe3bd38751d13a;2020-11-26T22_33_56.317Z;0;0;0;36
6441d968337ce853fb844b4be2360a7680bd3d3d;2020-11-23T09_43_16.901Z;0;0;0;36
6441d968337ce853fb844b4be2360a7680bd3d3d;2020-11-23T11_15_09.631Z;1;0;0;0
6441d968337ce853fb844b4be2360a7680bd3d3d;2020-11-23T12_06_29.234Z;2;0;0;0
6441d968337ce853fb844b4be2360a7680bd3d3d;2020-11-23T12_19_14.954Z;0;0;0;13
6441d968337ce853fb844b4be2360a7680bd3d3d;2020-11-23T12_25_28.325Z;0;13;13;23
6441d968337ce853fb844b4be2360a7680bd3d3d;2020-11-23T12_28_30.111Z;0;0;0;17
6441d968337ce853fb844b4be2360a7680bd3d3d;2020-11-23T12_29_08.257Z;0;0;0;36
6441d968337ce853fb844b4be2360a7680bd3d3d;2020-11-23T12_29_21.378Z;0;0;0;36
6441d968337ce853fb844b4be2360a7680bd3d3d;2020-11-23T12_29_34.084Z;0;0;0;36
6441d968337ce853fb844b4be2360a7680bd3d3d;2020-11-23T12_29_48.214Z;0;0;0;36
6441d968337ce853fb844b4be2360a7680bd3d3d;2020-11-23T13_09_50.276Z;0;2;13;23
6441d968337ce853fb844b4be2360a7680bd3d3d;2020-11-23T23_01_16.892Z;1;0;0;17
6441d968337ce853fb844b4be2360a7680bd3d3d;2020-11-23T23_35_39.111Z;1;0;0;17
6441d968337ce853fb844b4be2360a7680bd3d3d;2020-11-24T01_55_24.031Z;0;2;4;22
6441d968337ce853fb844b4be2360a7680bd3d3d;2020-11-24T05_03_13.320Z;1;0;0;17
6441d968337ce853fb844b4be2360a7680bd3d3d;2020-11-24T05_23_32.235Z;0;2;13;23
6441d968337ce853fb844b4be2360a7680bd3d3d;2020-11-24T05_58_38.851Z;0;8;10;26
6441d968337ce853fb844b4be2360a7680bd3d3d;2020-11-24T06_16_56.733Z;0;1;1;35
6441d968337ce853fb844b4be2360a7680bd3d3d;2020-11-24T06_35_22.095Z;0;4;4;32
6441d968337ce853fb844b4be2360a7680bd3d3d;2020-11-24T06_59_39.809Z;0;4;4;32
6441d968337ce853fb844b4be2360a7680bd3d3d;2020-11-24T06_59_39.819Z;0;0;0;36
6441d968337ce853fb844b4be2360a7680bd3d3d;2020-11-24T06_59_39.828Z;0;0;0;36
6441d968337ce853fb844b4be2360a7680bd3d3d;2020-11-24T06_59_39.835Z;0;0;0;36
6441d968337ce853fb844b4be2360a7680bd3d3d;2020-11-24T07_00_01.976Z;0;1;1;35
6441d968337ce853fb844b4be2360a7680bd3d3d;2020-11-24T10_18_33.051Z;0;4;4;32
6441d968337ce853fb844b4be2360a7680bd3d3d;2020-11-24T10_23_21.511Z;0;1;1;35
6441d968337ce853fb844b4be2360a7680bd3d3d;2020-11-24T10_38_09.484Z;0;0;0;36
6441d968337ce853fb844b4be2360a7680bd3d3d;2020-11-24T10_44_43.001Z;0;2;4;32
6441d968337ce853fb844b4be2360a7680bd3d3d;2020-11-24T11_49_04.115Z;0;2;2;34
6441d968337ce853fb844b4be2360a7680bd3d3d;2020-11-24T11_50_57.002Z;0;0;0;36
6441d968337ce853fb844b4be2360a7680bd3d3d;2020-11-24T12_08_57.564Z;0;0;0;36
6441d968337ce853fb844b4be2360a7680bd3d3d;2020-11-24T12_23_00.220Z;0;0;0;36
6441d968337ce853fb844b4be2360a7680bd3d3d;2020-11-24T12_40_58.048Z;0;2;2;34
6441d968337ce853fb844b4be2360a7680bd3d3d;2020-11-24T13_16_23.210Z;0;2;2;34
6441d968337ce853fb844b4be2360a7680bd3d3d;2020-11-24T14_44_54.333Z;0;0;0;36
6441d968337ce853fb844b4be2360a7680bd3d3d;2020-11-24T14_44_54.348Z;0;0;0;36
6441d968337ce853fb844b4be2360a7680bd3d3d;2020-11-24T14_44_54.358Z;0;0;0;36
6441d968337ce853fb844b4be2360a7680bd3d3d;2020-11-24T14_45_45.932Z;0;0;0;36
6441d968337ce853fb844b4be2360a7680bd3d3d;2020-12-18T01_26_43.557Z;0;0;0;36
6441d968337ce853fb844b4be2360a7680bd3d3d;2020-12-18T01_28_50.905Z;0;0;0;36
6441d968337ce853fb844b4be2360a7680bd3d3d;2020-12-18T01_29_04.788Z;0;0;0;36
6441d968337ce853fb844b4be2360a7680bd3d3d;2020-12-18T01_29_46.389Z;0;0;0;36
6441d968337ce853fb844b4be2360a7680bd3d3d;2020-12-18T01_30_05.662Z;0;0;0;36
6441d968337ce853fb844b4be2360a7680bd3d3d;2020-12-18T01_36_09.104Z;0;0;0;36
6441d968337ce853fb844b4be2360a7680bd3d3d;2020-12-18T01_36_14.533Z;0;0;0;36
6441d968337ce853fb844b4be2360a7680bd3d3d;2020-12-18T01_36_14.542Z;0;0;0;36
6441d968337ce853fb844b4be2360a7680bd3d3d;2020-12-18T02_05_50.621Z;0;0;0;36
6441d968337ce853fb844b4be2360a7680bd3d3d;2020-12-18T05_50_05.878Z;0;0;0;36
6441d968337ce853fb844b4be2360a7680bd3d3d;2020-12-18T05_50_11.077Z;0;0;0;36
6441d968337ce853fb844b4be2360a7680bd3d3d;2020-12-18T05_50_11.085Z;0;0;0;36
6441d968337ce853fb844b4be2360a7680bd3d3d;2020-12-18T05_50_11.105Z;0;0;0;36
6507e9a59c7760b7c7d8d0a3a16ba7eeb9e1ba64;2020-11-16T15_19_45.803Z;1;0;0;0
6507e9a59c7760b7c7d8d0a3a16ba7eeb9e1ba64;2020-11-16T15_21_30.778Z;0;0;0;13
6507e9a59c7760b7c7d8d0a3a16ba7eeb9e1ba64;2020-11-16T15_37_53.871Z;0;0;10;22
6507e9a59c7760b7c7d8d0a3a16ba7eeb9e1ba64;2020-11-16T15_54_37.274Z;0;0;13;23
6507e9a59c7760b7c7d8d0a3a16ba7eeb9e1ba64;2020-11-16T16_07_41.028Z;0;0;13;23
6507e9a59c7760b7c7d8d0a3a16ba7eeb9e1ba64;2020-11-16T16_27_51.811Z;0;0;7;29
6507e9a59c7760b7c7d8d0a3a16ba7eeb9e1ba64;2020-11-16T17_07_32.679Z;0;0;7;29
6507e9a59c7760b7c7d8d0a3a16ba7eeb9e1ba64;2020-11-21T13_14_51.833Z;0;0;7;29
6507e9a59c7760b7c7d8d0a3a16ba7eeb9e1ba64;2020-11-21T13_32_32.689Z;2;0;0;0
6507e9a59c7760b7c7d8d0a3a16ba7eeb9e1ba64;2020-11-22T16_21_47.064Z;0;3;8;28
6507e9a59c7760b7c7d8d0a3a16ba7eeb9e1ba64;2020-11-22T18_46_46.599Z;2;0;0;0
6507e9a59c7760b7c7d8d0a3a16ba7eeb9e1ba64;2020-11-22T20_24_31.453Z;0;1;4;32
6507e9a59c7760b7c7d8d0a3a16ba7eeb9e1ba64;2020-11-22T20_48_20.285Z;0;0;0;36
6507e9a59c7760b7c7d8d0a3a16ba7eeb9e1ba64;2020-11-22T21_55_34.607Z;0;2;11;25
6507e9a59c7760b7c7d8d0a3a16ba7eeb9e1ba64;2020-11-23T08_41_55.847Z;0;3;10;26
6507e9a59c7760b7c7d8d0a3a16ba7eeb9e1ba64;2020-11-23T09_19_42.771Z;0;0;0;36
6507e9a59c7760b7c7d8d0a3a16ba7eeb9e1ba64;2020-11-23T09_24_28.990Z;0;9;10;26
6507e9a59c7760b7c7d8d0a3a16ba7eeb9e1ba64;2020-11-23T09_34_22.585Z;0;0;0;36
6507e9a59c7760b7c7d8d0a3a16ba7eeb9e1ba64;2020-11-23T09_44_29.989Z;0;8;8;28
6507e9a59c7760b7c7d8d0a3a16ba7eeb9e1ba64;2020-11-23T10_33_24.843Z;0;2;6;30
6507e9a59c7760b7c7d8d0a3a16ba7eeb9e1ba64;2020-11-23T10_54_25.867Z;0;2;6;30
6507e9a59c7760b7c7d8d0a3a16ba7eeb9e1ba64;2020-11-23T12_15_03.162Z;0;2;6;30
6507e9a59c7760b7c7d8d0a3a16ba7eeb9e1ba64;2020-11-23T12_29_27.401Z;0;2;6;30
6507e9a59c7760b7c7d8d0a3a16ba7eeb9e1ba64;2020-11-23T13_03_02.003Z;0;2;6;30
6507e9a59c7760b7c7d8d0a3a16ba7eeb9e1ba64;2020-11-23T14_07_45.429Z;0;0;0;36
6507e9a59c7760b7c7d8d0a3a16ba7eeb9e1ba64;2020-11-23T14_24_50.739Z;0;2;4;32
6507e9a59c7760b7c7d8d0a3a16ba7eeb9e1ba64;2020-11-23T22_00_45.260Z;0;0;0;36
6507e9a59c7760b7c7d8d0a3a16ba7eeb9e1ba64;2020-11-23T22_09_04.118Z;0;2;4;32
6507e9a59c7760b7c7d8d0a3a16ba7eeb9e1ba64;2020-11-23T22_35_59.210Z;0;2;4;32
6507e9a59c7760b7c7d8d0a3a16ba7eeb9e1ba64;2020-11-23T22_50_33.592Z;0;0;0;36
6507e9a59c7760b7c7d8d0a3a16ba7eeb9e1ba64;2020-11-23T22_51_48.694Z;1;0;0;17
6507e9a59c7760b7c7d8d0a3a16ba7eeb9e1ba64;2020-11-24T09_00_49.837Z;0;2;4;32
6507e9a59c7760b7c7d8d0a3a16ba7eeb9e1ba64;2020-11-24T09_37_29.462Z;0;0;0;36
6507e9a59c7760b7c7d8d0a3a16ba7eeb9e1ba64;2020-11-24T09_49_46.316Z;0;0;0;36
6507e9a59c7760b7c7d8d0a3a16ba7eeb9e1ba64;2020-11-24T09_59_47.701Z;0;0;0;36
6507e9a59c7760b7c7d8d0a3a16ba7eeb9e1ba64;2020-11-24T09_59_55.363Z;0;0;0;36
6507e9a59c7760b7c7d8d0a3a16ba7eeb9e1ba64;2020-11-24T10_00_12.511Z;0;0;0;36
6507e9a59c7760b7c7d8d0a3a16ba7eeb9e1ba64;2020-11-24T10_01_12.942Z;0;0;0;36
6507e9a59c7760b7c7d8d0a3a16ba7eeb9e1ba64;2020-11-24T10_01_29.177Z;0;0;0;36
6507e9a59c7760b7c7d8d0a3a16ba7eeb9e1ba64;2020-11-24T12_24_37.389Z;0;0;0;36
6507e9a59c7760b7c7d8d0a3a16ba7eeb9e1ba64;2020-11-24T12_41_36.045Z;0;0;0;36
6507e9a59c7760b7c7d8d0a3a16ba7eeb9e1ba64;2020-11-24T13_01_40.061Z;0;0;0;36
6507e9a59c7760b7c7d8d0a3a16ba7eeb9e1ba64;2020-11-24T13_55_17.774Z;0;0;0;36
6507e9a59c7760b7c7d8d0a3a16ba7eeb9e1ba64;2020-11-24T14_06_47.764Z;0;0;0;36
6507e9a59c7760b7c7d8d0a3a16ba7eeb9e1ba64;2020-11-24T14_11_45.472Z;0;0;0;36
6507e9a59c7760b7c7d8d0a3a16ba7eeb9e1ba64;2020-11-24T14_18_47.216Z;0;0;0;36
6507e9a59c7760b7c7d8d0a3a16ba7eeb9e1ba64;2020-11-27T10_48_37.364Z;0;0;0;36
6507e9a59c7760b7c7d8d0a3a16ba7eeb9e1ba64;2020-11-27T10_49_07.518Z;0;0;0;36
65fadf52b477dfc365a46cb400d773792dcb3341;2020-11-17T09_18_53.992Z;0;0;0;36
65fadf52b477dfc365a46cb400d773792dcb3341;2020-11-17T09_25_22.452Z;0;0;0;13
65fadf52b477dfc365a46cb400d773792dcb3341;2020-11-17T09_26_13.994Z;0;0;0;36
65fadf52b477dfc365a46cb400d773792dcb3341;2020-11-17T09_28_05.411Z;0;0;13;23
65fadf52b477dfc365a46cb400d773792dcb3341;2020-11-17T13_55_43.835Z;0;6;17;19
65fadf52b477dfc365a46cb400d773792dcb3341;2020-11-17T14_22_28.827Z;2;0;0;0
65fadf52b477dfc365a46cb400d773792dcb3341;2020-11-17T17_28_26.700Z;0;0;0;36
65fadf52b477dfc365a46cb400d773792dcb3341;2020-11-17T17_30_20.405Z;0;0;0;36
65fadf52b477dfc365a46cb400d773792dcb3341;2020-11-17T17_48_17.033Z;2;0;0;0
65fadf52b477dfc365a46cb400d773792dcb3341;2020-11-17T18_03_15.029Z;2;0;0;0
65fadf52b477dfc365a46cb400d773792dcb3341;2020-11-17T18_25_29.883Z;2;0;0;0
65fadf52b477dfc365a46cb400d773792dcb3341;2020-11-17T22_30_04.764Z;2;0;0;0
65fadf52b477dfc365a46cb400d773792dcb3341;2020-11-18T20_16_25.123Z;0;1;1;35
65fadf52b477dfc365a46cb400d773792dcb3341;2020-11-18T20_31_34.247Z;0;0;13;23
65fadf52b477dfc365a46cb400d773792dcb3341;2020-11-18T20_32_57.712Z;0;1;1;35
65fadf52b477dfc365a46cb400d773792dcb3341;2020-11-24T18_01_36.905Z;0;1;13;23
65fadf52b477dfc365a46cb400d773792dcb3341;2020-11-25T00_08_58.078Z;1;0;0;17
65fadf52b477dfc365a46cb400d773792dcb3341;2020-11-25T06_04_59.250Z;1;0;0;17
65fadf52b477dfc365a46cb400d773792dcb3341;2020-11-25T07_05_45.413Z;0;1;7;29
65fadf52b477dfc365a46cb400d773792dcb3341;2020-11-25T10_09_34.771Z;1;0;0;17
65fadf52b477dfc365a46cb400d773792dcb3341;2020-11-25T16_41_30.168Z;1;0;0;17
65fadf52b477dfc365a46cb400d773792dcb3341;2020-11-25T18_28_21.037Z;1;0;0;17
65fadf52b477dfc365a46cb400d773792dcb3341;2020-11-25T20_46_27.751Z;1;0;0;17
65fadf52b477dfc365a46cb400d773792dcb3341;2020-11-26T03_23_33.891Z;1;0;0;17
65fadf52b477dfc365a46cb400d773792dcb3341;2020-11-26T15_21_04.109Z;0;1;1;35
65fadf52b477dfc365a46cb400d773792dcb3341;2020-11-26T15_25_00.618Z;0;3;6;30
65fadf52b477dfc365a46cb400d773792dcb3341;2020-11-26T18_51_28.310Z;0;1;1;35
65fadf52b477dfc365a46cb400d773792dcb3341;2020-11-26T18_57_05.531Z;0;3;6;30
65fadf52b477dfc365a46cb400d773792dcb3341;2020-11-26T19_45_57.363Z;0;1;1;35
65fadf52b477dfc365a46cb400d773792dcb3341;2020-11-26T20_00_06.993Z;0;1;1;35
65fadf52b477dfc365a46cb400d773792dcb3341;2020-11-26T20_00_24.061Z;0;0;2;34
65fadf52b477dfc365a46cb400d773792dcb3341;2020-11-26T20_49_47.944Z;0;0;0;36
65fadf52b477dfc365a46cb400d773792dcb3341;2020-11-26T21_20_37.274Z;0;0;0;36
65fadf52b477dfc365a46cb400d773792dcb3341;2020-11-26T21_21_01.792Z;0;0;0;36
6605b28f4160ac2ecd5ed4dec5a815d066f309b3;2020-11-26T01_05_33.263Z;1;0;0;0
6605b28f4160ac2ecd5ed4dec5a815d066f309b3;2020-11-26T01_05_43.559Z;0;0;0;13
6605b28f4160ac2ecd5ed4dec5a815d066f309b3;2020-11-26T01_06_07.690Z;1;0;0;17
6605b28f4160ac2ecd5ed4dec5a815d066f309b3;2020-11-26T01_06_24.154Z;2;0;0;0
6605b28f4160ac2ecd5ed4dec5a815d066f309b3;2020-11-26T01_26_04.700Z;1;0;0;17
6605b28f4160ac2ecd5ed4dec5a815d066f309b3;2020-11-26T01_46_11.262Z;1;0;0;17
6605b28f4160ac2ecd5ed4dec5a815d066f309b3;2020-11-26T02_03_35.079Z;1;0;0;17
6605b28f4160ac2ecd5ed4dec5a815d066f309b3;2020-11-26T02_42_01.839Z;0;0;13;23
6605b28f4160ac2ecd5ed4dec5a815d066f309b3;2020-11-26T02_47_38.007Z;0;0;4;32
6605b28f4160ac2ecd5ed4dec5a815d066f309b3;2020-11-26T03_19_18.039Z;0;0;4;32
6605b28f4160ac2ecd5ed4dec5a815d066f309b3;2020-11-26T03_47_13.547Z;0;0;4;32
6605b28f4160ac2ecd5ed4dec5a815d066f309b3;2020-11-26T04_16_08.908Z;0;0;1;35
6605b28f4160ac2ecd5ed4dec5a815d066f309b3;2020-11-26T04_17_14.109Z;0;0;0;36
6605b28f4160ac2ecd5ed4dec5a815d066f309b3;2020-11-26T04_24_03.872Z;0;0;0;36
6605b28f4160ac2ecd5ed4dec5a815d066f309b3;2020-11-26T04_52_36.014Z;0;0;0;36
6605b28f4160ac2ecd5ed4dec5a815d066f309b3;2020-11-26T04_58_40.939Z;0;0;1;35
6605b28f4160ac2ecd5ed4dec5a815d066f309b3;2020-11-27T03_19_00.363Z;0;0;2;34
6605b28f4160ac2ecd5ed4dec5a815d066f309b3;2020-11-27T03_56_38.111Z;0;0;0;36
6605b28f4160ac2ecd5ed4dec5a815d066f309b3;2020-11-27T04_33_07.909Z;0;0;0;36
6605b28f4160ac2ecd5ed4dec5a815d066f309b3;2020-11-27T04_47_49.660Z;0;0;0;36
6605b28f4160ac2ecd5ed4dec5a815d066f309b3;2020-11-27T04_47_49.673Z;0;0;0;36
6663a4284c794ea4550e61af7191209e73045a86;2020-11-23T05_39_50.961Z;0;0;0;36
6663a4284c794ea4550e61af7191209e73045a86;2020-11-23T06_05_06.025Z;0;0;0;36
6663a4284c794ea4550e61af7191209e73045a86;2020-11-23T06_50_41.270Z;0;0;0;36
6663a4284c794ea4550e61af7191209e73045a86;2020-11-23T06_50_53.739Z;2;0;0;0
6663a4284c794ea4550e61af7191209e73045a86;2020-11-23T06_51_04.791Z;2;0;0;0
6663a4284c794ea4550e61af7191209e73045a86;2020-11-23T06_51_49.487Z;0;0;0;13
6663a4284c794ea4550e61af7191209e73045a86;2020-11-23T06_53_24.512Z;0;0;13;23
6663a4284c794ea4550e61af7191209e73045a86;2020-11-23T06_54_08.368Z;0;0;0;36
6663a4284c794ea4550e61af7191209e73045a86;2020-11-23T06_54_16.288Z;0;0;0;36
6663a4284c794ea4550e61af7191209e73045a86;2020-11-23T07_37_14.854Z;0;1;1;35
6663a4284c794ea4550e61af7191209e73045a86;2020-11-23T07_55_04.834Z;1;0;0;17
6663a4284c794ea4550e61af7191209e73045a86;2020-11-23T09_39_49.211Z;0;1;1;35
6663a4284c794ea4550e61af7191209e73045a86;2020-11-23T09_39_49.219Z;0;0;0;36
6663a4284c794ea4550e61af7191209e73045a86;2020-11-23T09_40_14.841Z;0;0;13;23
6663a4284c794ea4550e61af7191209e73045a86;2020-11-23T10_10_32.472Z;0;0;13;23
6663a4284c794ea4550e61af7191209e73045a86;2020-11-23T13_58_58.085Z;1;0;0;17
6663a4284c794ea4550e61af7191209e73045a86;2020-11-24T00_44_44.851Z;0;1;1;35
6663a4284c794ea4550e61af7191209e73045a86;2020-11-24T01_06_42.532Z;1;0;0;17
6663a4284c794ea4550e61af7191209e73045a86;2020-11-24T03_34_55.360Z;0;2;2;34
6663a4284c794ea4550e61af7191209e73045a86;2020-11-24T03_35_51.188Z;0;0;0;36
6663a4284c794ea4550e61af7191209e73045a86;2020-11-24T04_08_33.777Z;0;0;0;36
6663a4284c794ea4550e61af7191209e73045a86;2020-11-24T04_16_28.932Z;0;0;0;36
6663a4284c794ea4550e61af7191209e73045a86;2020-11-24T04_18_11.448Z;0;0;0;36
66c9b4c37d28677a10b2259a87fcacfd63dbd9a0;2020-11-19T23_54_08.134Z;1;0;0;0
66c9b4c37d28677a10b2259a87fcacfd63dbd9a0;2020-11-20T00_10_48.802Z;0;0;0;36
66c9b4c37d28677a10b2259a87fcacfd63dbd9a0;2020-11-20T00_11_08.237Z;0;0;0;13
66c9b4c37d28677a10b2259a87fcacfd63dbd9a0;2020-11-20T00_15_19.044Z;0;0;0;36
66c9b4c37d28677a10b2259a87fcacfd63dbd9a0;2020-11-20T00_19_11.168Z;0;0;0;17
66c9b4c37d28677a10b2259a87fcacfd63dbd9a0;2020-11-20T00_19_11.175Z;0;0;0;36
66c9b4c37d28677a10b2259a87fcacfd63dbd9a0;2020-11-20T00_19_11.183Z;0;0;0;36
66c9b4c37d28677a10b2259a87fcacfd63dbd9a0;2020-11-20T00_24_10.164Z;2;0;0;0
66c9b4c37d28677a10b2259a87fcacfd63dbd9a0;2020-11-20T03_54_44.981Z;2;0;0;0
66c9b4c37d28677a10b2259a87fcacfd63dbd9a0;2020-11-20T04_39_20.511Z;1;2;2;13
66c9b4c37d28677a10b2259a87fcacfd63dbd9a0;2020-11-20T05_27_14.481Z;0;2;2;34
66c9b4c37d28677a10b2259a87fcacfd63dbd9a0;2020-11-20T19_13_54.777Z;0;0;0;36
66c9b4c37d28677a10b2259a87fcacfd63dbd9a0;2020-11-20T19_13_54.809Z;0;2;2;34
66c9b4c37d28677a10b2259a87fcacfd63dbd9a0;2020-11-20T19_31_49.300Z;0;2;2;34
66c9b4c37d28677a10b2259a87fcacfd63dbd9a0;2020-11-20T19_37_41.057Z;0;0;13;23
66c9b4c37d28677a10b2259a87fcacfd63dbd9a0;2020-11-20T20_09_30.144Z;0;0;13;23
66c9b4c37d28677a10b2259a87fcacfd63dbd9a0;2020-11-22T03_56_50.690Z;1;0;0;17
66c9b4c37d28677a10b2259a87fcacfd63dbd9a0;2020-11-24T20_12_19.624Z;0;3;13;23
66c9b4c37d28677a10b2259a87fcacfd63dbd9a0;2020-11-24T22_23_48.405Z;0;2;2;34
66c9b4c37d28677a10b2259a87fcacfd63dbd9a0;2020-11-24T22_53_29.625Z;0;2;2;34
66c9b4c37d28677a10b2259a87fcacfd63dbd9a0;2020-11-24T22_55_30.232Z;0;2;8;28
66c9b4c37d28677a10b2259a87fcacfd63dbd9a0;2020-11-24T23_31_54.187Z;0;1;1;35
66c9b4c37d28677a10b2259a87fcacfd63dbd9a0;2020-11-25T00_10_01.794Z;0;2;2;34
66c9b4c37d28677a10b2259a87fcacfd63dbd9a0;2020-11-25T00_13_11.982Z;0;0;0;36
66c9b4c37d28677a10b2259a87fcacfd63dbd9a0;2020-11-26T02_30_52.278Z;0;0;0;36
66c9b4c37d28677a10b2259a87fcacfd63dbd9a0;2020-11-26T02_31_19.047Z;0;0;0;36
66c9b4c37d28677a10b2259a87fcacfd63dbd9a0;2020-11-26T02_49_32.763Z;0;0;0;36
66c9b4c37d28677a10b2259a87fcacfd63dbd9a0;2020-11-26T04_04_19.526Z;0;0;0;36
66c9b4c37d28677a10b2259a87fcacfd63dbd9a0;2020-11-26T04_08_30.740Z;0;2;2;34
66c9b4c37d28677a10b2259a87fcacfd63dbd9a0;2020-11-26T18_38_29.471Z;0;0;0;36
66c9b4c37d28677a10b2259a87fcacfd63dbd9a0;2020-11-26T18_38_29.478Z;0;0;0;36
66c9b4c37d28677a10b2259a87fcacfd63dbd9a0;2020-11-26T18_38_29.485Z;0;2;2;34
66c9b4c37d28677a10b2259a87fcacfd63dbd9a0;2020-11-26T18_49_49.702Z;0;0;0;36
66c9b4c37d28677a10b2259a87fcacfd63dbd9a0;2020-11-26T18_50_08.317Z;0;2;2;34
67aaf2c30b90ae3ed9eb57c5c86d88bc439f0930;2020-11-26T01_21_06.181Z;1;0;0;17
67aaf2c30b90ae3ed9eb57c5c86d88bc439f0930;2020-11-26T01_21_16.026Z;0;0;0;36
67aaf2c30b90ae3ed9eb57c5c86d88bc439f0930;2020-11-26T01_29_58.088Z;1;0;0;17
67aaf2c30b90ae3ed9eb57c5c86d88bc439f0930;2020-11-26T01_54_45.398Z;1;0;0;17
67aaf2c30b90ae3ed9eb57c5c86d88bc439f0930;2020-11-26T01_57_50.397Z;0;0;0;36
67aaf2c30b90ae3ed9eb57c5c86d88bc439f0930;2020-11-26T02_12_39.736Z;0;7;10;26
67aaf2c30b90ae3ed9eb57c5c86d88bc439f0930;2020-11-26T02_17_29.580Z;0;0;0;36
67aaf2c30b90ae3ed9eb57c5c86d88bc439f0930;2020-11-26T02_18_20.427Z;2;0;0;0
67aaf2c30b90ae3ed9eb57c5c86d88bc439f0930;2020-11-26T02_28_10.229Z;1;3;10;5
67aaf2c30b90ae3ed9eb57c5c86d88bc439f0930;2020-11-26T02_42_06.955Z;1;3;10;5
67aaf2c30b90ae3ed9eb57c5c86d88bc439f0930;2020-11-26T03_11_42.761Z;1;3;10;5
67aaf2c30b90ae3ed9eb57c5c86d88bc439f0930;2020-11-26T03_32_43.558Z;0;3;14;22
67aaf2c30b90ae3ed9eb57c5c86d88bc439f0930;2020-11-26T03_56_52.499Z;0;7;10;26
67aaf2c30b90ae3ed9eb57c5c86d88bc439f0930;2020-11-26T04_24_09.922Z;0;6;9;27
67aaf2c30b90ae3ed9eb57c5c86d88bc439f0930;2020-11-26T04_46_51.780Z;0;2;6;30
67aaf2c30b90ae3ed9eb57c5c86d88bc439f0930;2020-11-26T04_59_02.697Z;1;0;0;17
683d30cf12add9df08c8250cfd9b8153ff0acd3e;2020-11-15T21_08_18.200Z;1;0;0;0
683d30cf12add9df08c8250cfd9b8153ff0acd3e;2020-11-15T21_11_24.836Z;0;0;0;13
683d30cf12add9df08c8250cfd9b8153ff0acd3e;2020-11-15T21_17_36.822Z;2;0;0;0
683d30cf12add9df08c8250cfd9b8153ff0acd3e;2020-11-15T21_18_56.448Z;1;0;0;17
683d30cf12add9df08c8250cfd9b8153ff0acd3e;2020-11-16T01_39_29.537Z;1;0;0;17
683d30cf12add9df08c8250cfd9b8153ff0acd3e;2020-11-16T02_01_06.593Z;2;0;0;0
683d30cf12add9df08c8250cfd9b8153ff0acd3e;2020-11-16T02_26_20.291Z;2;0;0;0
683d30cf12add9df08c8250cfd9b8153ff0acd3e;2020-11-17T02_22_55.007Z;2;0;0;0
683d30cf12add9df08c8250cfd9b8153ff0acd3e;2020-11-17T03_08_14.537Z;1;0;0;17
683d30cf12add9df08c8250cfd9b8153ff0acd3e;2020-11-17T03_11_02.615Z;2;0;0;0
683d30cf12add9df08c8250cfd9b8153ff0acd3e;2020-11-17T12_21_24.977Z;0;0;13;23
683d30cf12add9df08c8250cfd9b8153ff0acd3e;2020-11-17T12_25_10.932Z;0;12;13;23
683d30cf12add9df08c8250cfd9b8153ff0acd3e;2020-11-17T12_56_15.472Z;2;0;0;0
683d30cf12add9df08c8250cfd9b8153ff0acd3e;2020-11-17T13_42_23.282Z;0;5;7;29
683d30cf12add9df08c8250cfd9b8153ff0acd3e;2020-11-17T23_23_20.342Z;2;0;0;0
683d30cf12add9df08c8250cfd9b8153ff0acd3e;2020-11-18T02_15_27.465Z;0;1;3;33
683d30cf12add9df08c8250cfd9b8153ff0acd3e;2020-11-18T13_10_46.599Z;0;1;3;33
683d30cf12add9df08c8250cfd9b8153ff0acd3e;2020-11-18T14_12_59.409Z;0;0;13;23
683d30cf12add9df08c8250cfd9b8153ff0acd3e;2020-11-18T14_25_28.126Z;1;0;0;17
683d30cf12add9df08c8250cfd9b8153ff0acd3e;2020-11-18T15_03_46.030Z;1;0;0;17
683d30cf12add9df08c8250cfd9b8153ff0acd3e;2020-11-18T16_09_24.575Z;1;0;0;17
683d30cf12add9df08c8250cfd9b8153ff0acd3e;2020-11-19T02_58_01.004Z;1;0;0;17
683d30cf12add9df08c8250cfd9b8153ff0acd3e;2020-11-19T03_09_48.959Z;1;0;0;17
683d30cf12add9df08c8250cfd9b8153ff0acd3e;2020-11-19T15_59_02.801Z;0;0;13;23
683d30cf12add9df08c8250cfd9b8153ff0acd3e;2020-11-20T01_44_54.073Z;0;4;14;22
683d30cf12add9df08c8250cfd9b8153ff0acd3e;2020-11-20T16_21_52.397Z;0;0;0;36
683d30cf12add9df08c8250cfd9b8153ff0acd3e;2020-11-20T16_23_56.179Z;0;0;0;36
683d30cf12add9df08c8250cfd9b8153ff0acd3e;2020-11-20T16_29_28.569Z;0;4;14;22
683d30cf12add9df08c8250cfd9b8153ff0acd3e;2020-11-21T20_00_41.991Z;0;4;14;22
683d30cf12add9df08c8250cfd9b8153ff0acd3e;2020-11-21T20_12_30.846Z;0;0;0;36
683d30cf12add9df08c8250cfd9b8153ff0acd3e;2020-11-23T01_32_46.392Z;0;4;14;22
683d30cf12add9df08c8250cfd9b8153ff0acd3e;2020-11-23T12_53_50.732Z;0;4;14;22
683d30cf12add9df08c8250cfd9b8153ff0acd3e;2020-11-23T13_28_49.077Z;0;4;14;22
683d30cf12add9df08c8250cfd9b8153ff0acd3e;2020-11-23T18_23_39.808Z;0;4;14;22
683d30cf12add9df08c8250cfd9b8153ff0acd3e;2020-11-23T20_56_31.754Z;0;4;14;22
683d30cf12add9df08c8250cfd9b8153ff0acd3e;2020-11-23T21_49_39.618Z;0;4;14;22
683d30cf12add9df08c8250cfd9b8153ff0acd3e;2020-11-24T02_03_00.485Z;1;0;0;17
683d30cf12add9df08c8250cfd9b8153ff0acd3e;2020-11-24T19_00_35.919Z;1;0;0;17
683d30cf12add9df08c8250cfd9b8153ff0acd3e;2020-11-24T19_12_35.361Z;1;0;0;17
683d30cf12add9df08c8250cfd9b8153ff0acd3e;2020-11-24T19_32_30.128Z;1;0;0;17
683d30cf12add9df08c8250cfd9b8153ff0acd3e;2020-11-25T00_55_05.601Z;0;0;6;30
683d30cf12add9df08c8250cfd9b8153ff0acd3e;2020-11-25T01_06_48.528Z;0;1;3;33
683d30cf12add9df08c8250cfd9b8153ff0acd3e;2020-11-25T01_09_18.897Z;0;0;6;30
683d30cf12add9df08c8250cfd9b8153ff0acd3e;2020-11-25T01_50_07.611Z;0;1;3;33
683d30cf12add9df08c8250cfd9b8153ff0acd3e;2020-11-25T01_54_27.341Z;0;0;4;32
683d30cf12add9df08c8250cfd9b8153ff0acd3e;2020-11-25T17_41_51.382Z;0;0;4;32
683d30cf12add9df08c8250cfd9b8153ff0acd3e;2020-11-25T17_55_44.096Z;0;0;2;34
683d30cf12add9df08c8250cfd9b8153ff0acd3e;2020-11-25T18_03_33.939Z;0;1;5;31
683d30cf12add9df08c8250cfd9b8153ff0acd3e;2020-11-26T00_08_01.436Z;0;0;0;36
683d30cf12add9df08c8250cfd9b8153ff0acd3e;2020-11-26T00_21_38.945Z;0;0;0;36
683d30cf12add9df08c8250cfd9b8153ff0acd3e;2020-11-26T00_25_11.186Z;0;0;0;36
68b0463b34364f614b76a8a97ac7c98b37916506;2020-11-22T14_28_03.062Z;1;0;0;0
68b0463b34364f614b76a8a97ac7c98b37916506;2020-11-22T14_38_28.310Z;0;0;0;13
68b0463b34364f614b76a8a97ac7c98b37916506;2020-11-22T14_38_30.060Z;0;0;13;23
68b0463b34364f614b76a8a97ac7c98b37916506;2020-11-22T14_42_02.501Z;0;1;12;24
68b0463b34364f614b76a8a97ac7c98b37916506;2020-11-22T18_11_07.982Z;0;1;12;24
68b0463b34364f614b76a8a97ac7c98b37916506;2020-11-22T18_24_19.303Z;0;1;13;23
68b0463b34364f614b76a8a97ac7c98b37916506;2020-11-24T03_18_58.658Z;0;1;13;23
68b0463b34364f614b76a8a97ac7c98b37916506;2020-11-24T16_14_21.500Z;0;1;13;23
68b0463b34364f614b76a8a97ac7c98b37916506;2020-11-24T18_36_35.851Z;0;1;13;23
68b0463b34364f614b76a8a97ac7c98b37916506;2020-11-24T20_47_17.032Z;0;1;8;28
68b0463b34364f614b76a8a97ac7c98b37916506;2020-11-24T21_25_36.698Z;0;0;13;23
68b0463b34364f614b76a8a97ac7c98b37916506;2020-11-24T21_43_14.428Z;0;3;13;23
68b0463b34364f614b76a8a97ac7c98b37916506;2020-11-24T22_02_16.310Z;0;1;5;31
68b0463b34364f614b76a8a97ac7c98b37916506;2020-11-24T22_21_49.447Z;0;1;3;33
68b0463b34364f614b76a8a97ac7c98b37916506;2020-11-24T22_40_37.481Z;0;2;12;24
68b0463b34364f614b76a8a97ac7c98b37916506;2020-11-25T01_19_24.456Z;0;2;12;24
68b0463b34364f614b76a8a97ac7c98b37916506;2020-11-25T01_37_12.879Z;0;1;11;25
68b0463b34364f614b76a8a97ac7c98b37916506;2020-11-25T02_34_26.115Z;0;1;8;28
68b0463b34364f614b76a8a97ac7c98b37916506;2020-11-25T02_45_44.787Z;0;1;6;30
68b0463b34364f614b76a8a97ac7c98b37916506;2020-11-25T02_57_01.458Z;0;0;0;36
68b0463b34364f614b76a8a97ac7c98b37916506;2020-11-25T03_26_00.656Z;1;0;0;17
68b0463b34364f614b76a8a97ac7c98b37916506;2020-11-25T18_38_43.010Z;0;1;6;30
68b0463b34364f614b76a8a97ac7c98b37916506;2020-11-25T19_38_45.959Z;0;0;0;36
68b0463b34364f614b76a8a97ac7c98b37916506;2020-11-25T19_54_09.516Z;0;1;4;32
68b0463b34364f614b76a8a97ac7c98b37916506;2020-11-25T21_22_35.760Z;0;2;4;32
68b0463b34364f614b76a8a97ac7c98b37916506;2020-11-25T21_46_54.108Z;0;1;4;32
68b0463b34364f614b76a8a97ac7c98b37916506;2020-11-25T22_20_01.633Z;0;1;4;32
68b0463b34364f614b76a8a97ac7c98b37916506;2020-11-25T22_21_13.455Z;0;0;0;36
68b0463b34364f614b76a8a97ac7c98b37916506;2020-11-26T20_49_17.504Z;0;1;4;32
6923d2c4a9b794f7653cdc3c892b733d71da9af5;2020-11-22T23_37_14.875Z;1;0;0;0
6923d2c4a9b794f7653cdc3c892b733d71da9af5;2020-11-22T23_37_29.082Z;0;0;0;36
6923d2c4a9b794f7653cdc3c892b733d71da9af5;2020-11-22T23_37_48.622Z;0;0;0;13
6923d2c4a9b794f7653cdc3c892b733d71da9af5;2020-11-22T23_37_49.544Z;0;0;1;35
6923d2c4a9b794f7653cdc3c892b733d71da9af5;2020-11-22T23_43_20.432Z;0;0;0;36
6923d2c4a9b794f7653cdc3c892b733d71da9af5;2020-11-23T00_20_28.680Z;0;0;0;36
6923d2c4a9b794f7653cdc3c892b733d71da9af5;2020-11-23T00_23_50.820Z;0;0;0;36
6923d2c4a9b794f7653cdc3c892b733d71da9af5;2020-11-23T00_24_14.177Z;0;0;1;35
6923d2c4a9b794f7653cdc3c892b733d71da9af5;2020-11-24T22_54_08.655Z;0;0;1;35
6923d2c4a9b794f7653cdc3c892b733d71da9af5;2020-11-24T23_07_58.716Z;0;0;0;36
6923d2c4a9b794f7653cdc3c892b733d71da9af5;2020-11-24T23_23_34.732Z;0;0;0;36
6923d2c4a9b794f7653cdc3c892b733d71da9af5;2020-11-24T23_43_29.758Z;0;0;2;34
6923d2c4a9b794f7653cdc3c892b733d71da9af5;2020-11-25T00_19_47.341Z;0;0;0;36
6923d2c4a9b794f7653cdc3c892b733d71da9af5;2020-11-25T00_21_45.257Z;0;0;0;36
6923d2c4a9b794f7653cdc3c892b733d71da9af5;2020-11-25T01_51_03.599Z;0;0;0;36
6923d2c4a9b794f7653cdc3c892b733d71da9af5;2020-11-25T01_52_53.115Z;0;0;0;36
6923d2c4a9b794f7653cdc3c892b733d71da9af5;2020-11-25T02_47_54.811Z;0;0;0;36
6923d2c4a9b794f7653cdc3c892b733d71da9af5;2020-11-25T04_09_43.657Z;0;0;0;36
6923d2c4a9b794f7653cdc3c892b733d71da9af5;2020-11-25T14_46_54.995Z;0;0;0;36
6923d2c4a9b794f7653cdc3c892b733d71da9af5;2020-11-25T15_04_01.793Z;0;0;0;36
6923d2c4a9b794f7653cdc3c892b733d71da9af5;2020-11-25T15_08_59.130Z;0;0;0;36
6923d2c4a9b794f7653cdc3c892b733d71da9af5;2020-11-26T02_28_52.740Z;0;0;0;36
6923d2c4a9b794f7653cdc3c892b733d71da9af5;2020-11-26T02_53_14.265Z;0;0;0;36
6923d2c4a9b794f7653cdc3c892b733d71da9af5;2020-11-26T02_54_26.377Z;0;0;0;36
69b307789e8a056939d00817344cff7b2c6a801f;2020-11-16T20_33_06.159Z;1;0;0;0
69b307789e8a056939d00817344cff7b2c6a801f;2020-11-16T20_37_19.644Z;0;0;0;13
69b307789e8a056939d00817344cff7b2c6a801f;2020-11-16T20_38_43.227Z;1;0;0;17
69b307789e8a056939d00817344cff7b2c6a801f;2020-11-16T21_00_37.774Z;0;0;14;22
69b307789e8a056939d00817344cff7b2c6a801f;2020-11-16T21_49_58.580Z;0;0;7;29
69b307789e8a056939d00817344cff7b2c6a801f;2020-11-16T23_05_53.723Z;0;0;7;29
69b307789e8a056939d00817344cff7b2c6a801f;2020-11-16T23_47_58.835Z;2;0;0;0
69b307789e8a056939d00817344cff7b2c6a801f;2020-11-18T21_24_50.521Z;0;1;8;28
69b307789e8a056939d00817344cff7b2c6a801f;2020-11-18T21_41_48.236Z;0;1;4;32
69b307789e8a056939d00817344cff7b2c6a801f;2020-11-18T22_02_10.398Z;0;1;4;32
69b307789e8a056939d00817344cff7b2c6a801f;2020-11-19T23_30_49.761Z;1;0;0;17
69b307789e8a056939d00817344cff7b2c6a801f;2020-11-20T04_23_34.912Z;1;0;0;17
69b307789e8a056939d00817344cff7b2c6a801f;2020-11-23T19_42_02.761Z;1;0;0;17
69b307789e8a056939d00817344cff7b2c6a801f;2020-11-23T20_03_42.825Z;0;7;8;28
69b307789e8a056939d00817344cff7b2c6a801f;2020-11-23T20_11_09.998Z;0;1;1;35
69b307789e8a056939d00817344cff7b2c6a801f;2020-11-23T20_26_09.862Z;0;0;0;36
69b307789e8a056939d00817344cff7b2c6a801f;2020-11-23T20_33_14.648Z;0;6;7;29
69b307789e8a056939d00817344cff7b2c6a801f;2020-11-23T21_11_46.428Z;0;0;0;36
69b307789e8a056939d00817344cff7b2c6a801f;2020-11-23T21_36_50.173Z;0;0;0;36
69b307789e8a056939d00817344cff7b2c6a801f;2020-11-23T21_37_55.368Z;1;0;0;17
69b307789e8a056939d00817344cff7b2c6a801f;2020-11-23T22_45_14.794Z;0;0;0;36
69b307789e8a056939d00817344cff7b2c6a801f;2020-11-24T20_17_01.201Z;0;0;0;36
69b307789e8a056939d00817344cff7b2c6a801f;2020-11-24T20_20_09.137Z;0;0;0;36
69b307789e8a056939d00817344cff7b2c6a801f;2020-11-24T20_40_28.710Z;0;0;0;36
69c72846174d65b49ebdd1cb6a25f0e2781d262c;2020-11-16T21_41_13.492Z;1;0;0;0
69c72846174d65b49ebdd1cb6a25f0e2781d262c;2020-11-16T21_41_19.379Z;0;0;0;36
69c72846174d65b49ebdd1cb6a25f0e2781d262c;2020-11-16T21_42_49.776Z;2;0;0;0
69c72846174d65b49ebdd1cb6a25f0e2781d262c;2020-11-16T22_11_02.169Z;0;0;0;13
69c72846174d65b49ebdd1cb6a25f0e2781d262c;2020-11-16T22_14_46.496Z;1;0;0;17
69c72846174d65b49ebdd1cb6a25f0e2781d262c;2020-11-16T22_15_26.968Z;0;0;0;36
69c72846174d65b49ebdd1cb6a25f0e2781d262c;2020-11-16T22_15_37.367Z;0;0;0;36
69c72846174d65b49ebdd1cb6a25f0e2781d262c;2020-11-16T22_40_10.604Z;0;0;13;23
69c72846174d65b49ebdd1cb6a25f0e2781d262c;2020-11-16T22_48_53.799Z;0;0;0;36
69c72846174d65b49ebdd1cb6a25f0e2781d262c;2020-11-16T22_58_00.370Z;0;0;0;36
69c72846174d65b49ebdd1cb6a25f0e2781d262c;2020-11-16T22_58_28.798Z;0;12;16;20
69c72846174d65b49ebdd1cb6a25f0e2781d262c;2020-11-17T04_10_30.272Z;0;12;16;20
69c72846174d65b49ebdd1cb6a25f0e2781d262c;2020-11-18T00_55_24.106Z;0;0;4;32
69c72846174d65b49ebdd1cb6a25f0e2781d262c;2020-11-18T03_37_47.446Z;0;0;0;36
69c72846174d65b49ebdd1cb6a25f0e2781d262c;2020-11-18T03_53_54.206Z;0;0;0;36
69c72846174d65b49ebdd1cb6a25f0e2781d262c;2020-11-18T04_26_55.108Z;0;0;13;23
69c72846174d65b49ebdd1cb6a25f0e2781d262c;2020-11-18T05_34_09.625Z;0;0;6;30
69c72846174d65b49ebdd1cb6a25f0e2781d262c;2020-11-18T16_14_40.520Z;0;0;6;30
69c72846174d65b49ebdd1cb6a25f0e2781d262c;2020-11-22T18_39_15.778Z;0;0;6;30
69c72846174d65b49ebdd1cb6a25f0e2781d262c;2020-11-22T20_56_24.920Z;0;0;0;36
69c72846174d65b49ebdd1cb6a25f0e2781d262c;2020-11-23T02_21_37.342Z;0;0;0;36
69c72846174d65b49ebdd1cb6a25f0e2781d262c;2020-11-23T02_22_46.439Z;0;0;0;36
69c72846174d65b49ebdd1cb6a25f0e2781d262c;2020-11-23T02_53_05.992Z;0;0;0;36
6b36b01b915e6699622925a14d422694d6194be0;2020-11-24T00_16_52.526Z;1;0;0;0
6b36b01b915e6699622925a14d422694d6194be0;2020-11-24T00_18_31.286Z;0;0;0;13
6b36b01b915e6699622925a14d422694d6194be0;2020-11-24T00_42_35.284Z;1;0;0;17
6b36b01b915e6699622925a14d422694d6194be0;2020-11-24T01_01_28.046Z;2;0;0;0
6b36b01b915e6699622925a14d422694d6194be0;2020-11-24T06_26_15.323Z;0;0;0;36
6b36b01b915e6699622925a14d422694d6194be0;2020-11-24T06_26_43.077Z;1;0;0;17
6b36b01b915e6699622925a14d422694d6194be0;2020-11-24T06_26_50.398Z;0;0;0;36
6b36b01b915e6699622925a14d422694d6194be0;2020-11-24T07_10_31.925Z;0;0;0;36
6b36b01b915e6699622925a14d422694d6194be0;2020-11-24T07_10_42.567Z;1;0;0;17
6b36b01b915e6699622925a14d422694d6194be0;2020-11-24T07_49_52.158Z;0;0;0;36
6b36b01b915e6699622925a14d422694d6194be0;2020-11-24T09_22_25.399Z;0;0;0;36
6b36b01b915e6699622925a14d422694d6194be0;2020-11-24T09_27_30.910Z;0;1;2;29
6b36b01b915e6699622925a14d422694d6194be0;2020-11-24T19_39_29.068Z;1;0;0;17
6b36b01b915e6699622925a14d422694d6194be0;2020-11-24T20_25_12.941Z;0;0;0;36
6b36b01b915e6699622925a14d422694d6194be0;2020-11-24T20_25_54.125Z;0;0;1;35
6b36b01b915e6699622925a14d422694d6194be0;2020-11-24T22_53_16.096Z;0;0;0;36
6b36b01b915e6699622925a14d422694d6194be0;2020-11-24T23_02_34.446Z;0;0;0;36
6b36b01b915e6699622925a14d422694d6194be0;2020-11-24T23_12_57.080Z;0;0;0;36
6b36b01b915e6699622925a14d422694d6194be0;2020-11-24T23_36_48.176Z;0;0;0;36
6b36b01b915e6699622925a14d422694d6194be0;2020-11-24T23_50_55.068Z;0;0;0;36
6b36b01b915e6699622925a14d422694d6194be0;2020-11-24T23_58_15.116Z;0;0;0;36
6bb42c027ec626db7c9c78943666e00a0846903a;2020-11-17T02_13_38.432Z;0;0;0;36
6bb42c027ec626db7c9c78943666e00a0846903a;2020-11-17T02_14_05.577Z;0;0;0;13
6bb42c027ec626db7c9c78943666e00a0846903a;2020-11-17T02_14_50.213Z;0;0;0;36
6bb42c027ec626db7c9c78943666e00a0846903a;2020-11-17T02_20_42.377Z;0;0;0;36
6bb42c027ec626db7c9c78943666e00a0846903a;2020-11-17T02_21_46.296Z;1;0;0;17
6bb42c027ec626db7c9c78943666e00a0846903a;2020-11-17T04_37_59.562Z;0;0;0;13
6bb42c027ec626db7c9c78943666e00a0846903a;2020-11-17T04_38_52.151Z;0;0;0;36
6bb42c027ec626db7c9c78943666e00a0846903a;2020-11-17T04_39_09.429Z;0;0;0;36
6bb42c027ec626db7c9c78943666e00a0846903a;2020-11-17T04_39_30.560Z;0;0;0;36
6bb42c027ec626db7c9c78943666e00a0846903a;2020-11-17T04_43_48.982Z;1;0;0;0
6bb42c027ec626db7c9c78943666e00a0846903a;2020-11-17T04_46_43.018Z;0;21;21;15
6bb42c027ec626db7c9c78943666e00a0846903a;2020-11-17T04_47_46.820Z;0;0;0;36
6bb42c027ec626db7c9c78943666e00a0846903a;2020-11-17T23_32_00.419Z;0;2;2;34
6bb42c027ec626db7c9c78943666e00a0846903a;2020-11-18T22_52_57.188Z;0;2;2;34
6bb42c027ec626db7c9c78943666e00a0846903a;2020-11-18T23_38_23.557Z;0;1;11;25
6bb42c027ec626db7c9c78943666e00a0846903a;2020-11-19T02_42_56.872Z;0;1;8;28
6bb42c027ec626db7c9c78943666e00a0846903a;2020-11-19T18_18_28.316Z;0;2;2;34
6bb42c027ec626db7c9c78943666e00a0846903a;2020-11-19T18_37_14.003Z;0;3;6;30
6bb42c027ec626db7c9c78943666e00a0846903a;2020-11-19T22_09_22.360Z;0;3;6;30
6bb42c027ec626db7c9c78943666e00a0846903a;2020-11-19T22_50_38.225Z;0;3;4;32
6bb42c027ec626db7c9c78943666e00a0846903a;2020-11-19T22_52_13.109Z;0;0;0;36
6bb42c027ec626db7c9c78943666e00a0846903a;2020-11-19T22_52_28.091Z;0;0;0;36
6bb42c027ec626db7c9c78943666e00a0846903a;2020-11-21T23_36_23.011Z;0;2;2;34
6bb42c027ec626db7c9c78943666e00a0846903a;2020-11-21T23_48_05.984Z;0;3;4;32
6bb42c027ec626db7c9c78943666e00a0846903a;2020-11-22T00_02_33.493Z;0;3;4;32
6bb42c027ec626db7c9c78943666e00a0846903a;2020-11-22T00_26_52.581Z;0;3;4;32
6bb42c027ec626db7c9c78943666e00a0846903a;2020-11-22T04_11_54.930Z;0;3;4;32
6bb42c027ec626db7c9c78943666e00a0846903a;2020-11-22T05_19_23.453Z;0;3;4;32
6bb42c027ec626db7c9c78943666e00a0846903a;2020-11-22T05_54_19.028Z;0;2;3;33
6bb42c027ec626db7c9c78943666e00a0846903a;2020-11-22T05_58_03.519Z;0;2;2;34
6bb42c027ec626db7c9c78943666e00a0846903a;2020-11-22T06_17_31.325Z;0;2;3;33
6bb42c027ec626db7c9c78943666e00a0846903a;2020-11-23T03_13_41.408Z;0;0;0;36
6bb42c027ec626db7c9c78943666e00a0846903a;2020-11-23T03_31_56.132Z;0;0;1;35
6bb42c027ec626db7c9c78943666e00a0846903a;2020-11-23T16_27_11.929Z;0;0;1;35
6bb42c027ec626db7c9c78943666e00a0846903a;2020-11-23T22_48_40.271Z;0;0;1;35
6bb42c027ec626db7c9c78943666e00a0846903a;2020-11-23T23_11_00.530Z;0;0;0;36
6bb42c027ec626db7c9c78943666e00a0846903a;2020-11-25T05_29_59.228Z;0;0;0;36
6bdc06fda22c35736f923f79caf364818c92242a;2020-11-26T04_43_03.041Z;1;0;0;0
6bdc06fda22c35736f923f79caf364818c92242a;2020-11-26T04_44_08.616Z;0;0;0;13
6bdc06fda22c35736f923f79caf364818c92242a;2020-11-26T04_57_16.257Z;0;6;17;19
6bdc06fda22c35736f923f79caf364818c92242a;2020-11-26T05_03_54.548Z;0;0;0;17
6c461bf548b9c9d93287748945b41d2251965d93;2020-11-18T01_40_32.748Z;0;0;0;36
6c461bf548b9c9d93287748945b41d2251965d93;2020-11-18T01_40_38.811Z;0;0;0;36
6c461bf548b9c9d93287748945b41d2251965d93;2020-11-18T01_40_48.381Z;0;0;0;36
6c461bf548b9c9d93287748945b41d2251965d93;2020-11-18T01_42_34.675Z;1;0;0;0
6c461bf548b9c9d93287748945b41d2251965d93;2020-11-18T01_59_30.448Z;0;0;0;13
6c461bf548b9c9d93287748945b41d2251965d93;2020-11-18T02_06_02.144Z;1;0;0;17
6c461bf548b9c9d93287748945b41d2251965d93;2020-11-18T02_13_41.856Z;2;0;0;0
6c461bf548b9c9d93287748945b41d2251965d93;2020-11-18T02_50_31.977Z;2;0;0;0
6c461bf548b9c9d93287748945b41d2251965d93;2020-11-18T03_39_38.242Z;2;0;0;0
6c461bf548b9c9d93287748945b41d2251965d93;2020-11-18T18_45_12.031Z;0;0;14;22
6c461bf548b9c9d93287748945b41d2251965d93;2020-11-18T18_45_45.762Z;0;12;16;20
6c461bf548b9c9d93287748945b41d2251965d93;2020-11-18T20_08_52.318Z;2;0;0;0
6c461bf548b9c9d93287748945b41d2251965d93;2020-11-18T22_19_30.697Z;2;0;0;0
6c461bf548b9c9d93287748945b41d2251965d93;2020-11-18T23_17_23.555Z;2;0;0;0
6c461bf548b9c9d93287748945b41d2251965d93;2020-11-18T23_58_16.129Z;0;12;13;23
6c461bf548b9c9d93287748945b41d2251965d93;2020-11-19T00_29_58.595Z;0;1;7;29
6c461bf548b9c9d93287748945b41d2251965d93;2020-11-19T01_14_14.634Z;0;1;7;29
6c461bf548b9c9d93287748945b41d2251965d93;2020-11-19T01_43_18.356Z;0;1;7;29
6c461bf548b9c9d93287748945b41d2251965d93;2020-11-19T02_03_29.581Z;0;1;7;29
6c461bf548b9c9d93287748945b41d2251965d93;2020-11-19T18_09_42.887Z;0;5;7;29
6c461bf548b9c9d93287748945b41d2251965d93;2020-11-19T18_27_46.929Z;0;5;7;29
6c461bf548b9c9d93287748945b41d2251965d93;2020-11-19T21_55_30.400Z;0;5;7;29
6c461bf548b9c9d93287748945b41d2251965d93;2020-11-19T22_14_58.984Z;1;0;0;17
6c461bf548b9c9d93287748945b41d2251965d93;2020-11-19T22_57_21.855Z;1;0;0;17
6c461bf548b9c9d93287748945b41d2251965d93;2020-11-20T00_56_07.350Z;0;0;14;22
6c461bf548b9c9d93287748945b41d2251965d93;2020-11-20T01_33_04.865Z;0;5;7;29
6c461bf548b9c9d93287748945b41d2251965d93;2020-11-23T20_17_55.372Z;0;5;7;29
6c461bf548b9c9d93287748945b41d2251965d93;2020-11-23T21_21_26.114Z;0;0;0;36
6c461bf548b9c9d93287748945b41d2251965d93;2020-11-23T21_21_26.122Z;0;0;0;36
6c461bf548b9c9d93287748945b41d2251965d93;2020-11-23T21_21_26.129Z;0;0;0;36
6c461bf548b9c9d93287748945b41d2251965d93;2020-11-23T21_21_26.138Z;0;5;7;29
6c461bf548b9c9d93287748945b41d2251965d93;2020-11-23T22_05_46.306Z;1;0;0;17
6c461bf548b9c9d93287748945b41d2251965d93;2020-11-23T23_14_21.040Z;1;0;0;17
6c461bf548b9c9d93287748945b41d2251965d93;2020-11-23T23_29_42.288Z;1;0;0;17
6c461bf548b9c9d93287748945b41d2251965d93;2020-11-24T00_03_34.265Z;1;0;0;17
6c461bf548b9c9d93287748945b41d2251965d93;2020-11-24T00_39_44.971Z;1;0;0;17
6c461bf548b9c9d93287748945b41d2251965d93;2020-11-24T01_21_06.234Z;1;0;0;17
6c461bf548b9c9d93287748945b41d2251965d93;2020-11-24T02_09_54.700Z;1;0;0;17
6c461bf548b9c9d93287748945b41d2251965d93;2020-11-24T02_51_47.500Z;1;0;0;17
6c461bf548b9c9d93287748945b41d2251965d93;2020-11-24T03_41_50.213Z;1;0;0;17
6c461bf548b9c9d93287748945b41d2251965d93;2020-11-24T04_06_08.111Z;1;0;0;17
6c461bf548b9c9d93287748945b41d2251965d93;2020-11-24T04_56_25.630Z;1;0;0;17
6c461bf548b9c9d93287748945b41d2251965d93;2020-11-24T18_00_50.238Z;1;0;0;17
6c461bf548b9c9d93287748945b41d2251965d93;2020-11-24T18_36_04.921Z;0;5;11;25
6c461bf548b9c9d93287748945b41d2251965d93;2020-11-24T20_08_11.014Z;1;0;0;17
6c461bf548b9c9d93287748945b41d2251965d93;2020-11-24T21_14_22.244Z;0;1;9;27
6c461bf548b9c9d93287748945b41d2251965d93;2020-11-24T21_53_33.262Z;0;1;7;29
6c461bf548b9c9d93287748945b41d2251965d93;2020-11-24T22_39_45.844Z;0;1;7;29
6c461bf548b9c9d93287748945b41d2251965d93;2020-11-24T23_00_22.565Z;0;1;7;29
6c461bf548b9c9d93287748945b41d2251965d93;2020-11-24T23_12_53.498Z;0;1;7;29
6c461bf548b9c9d93287748945b41d2251965d93;2020-11-24T23_28_09.749Z;0;1;7;29
6c461bf548b9c9d93287748945b41d2251965d93;2020-11-25T00_33_02.575Z;0;1;8;28
6c461bf548b9c9d93287748945b41d2251965d93;2020-11-25T01_11_40.631Z;0;1;7;29
6c461bf548b9c9d93287748945b41d2251965d93;2020-11-25T01_46_50.772Z;0;1;7;29
6c461bf548b9c9d93287748945b41d2251965d93;2020-11-25T01_50_37.326Z;0;1;7;29
6c461bf548b9c9d93287748945b41d2251965d93;2020-11-25T02_43_10.756Z;0;1;9;27
6c461bf548b9c9d93287748945b41d2251965d93;2020-11-25T18_34_35.254Z;0;1;2;34
6c461bf548b9c9d93287748945b41d2251965d93;2020-11-25T18_37_33.504Z;0;1;7;29
6c461bf548b9c9d93287748945b41d2251965d93;2020-11-25T19_55_35.684Z;0;1;7;29
6c461bf548b9c9d93287748945b41d2251965d93;2020-11-25T20_09_44.607Z;1;0;0;17
6c461bf548b9c9d93287748945b41d2251965d93;2020-11-25T20_40_54.934Z;0;1;7;29
6c461bf548b9c9d93287748945b41d2251965d93;2020-11-25T20_41_25.312Z;0;1;2;34
6c461bf548b9c9d93287748945b41d2251965d93;2020-11-25T21_06_49.927Z;0;1;2;34
6c461bf548b9c9d93287748945b41d2251965d93;2020-11-25T21_11_44.043Z;0;5;8;28
6c461bf548b9c9d93287748945b41d2251965d93;2020-11-25T21_46_54.210Z;1;0;0;17
6c461bf548b9c9d93287748945b41d2251965d93;2020-11-25T21_57_07.920Z;0;1;2;34
6c461bf548b9c9d93287748945b41d2251965d93;2020-11-25T22_16_31.471Z;1;0;0;17
6c461bf548b9c9d93287748945b41d2251965d93;2020-11-25T22_35_56.439Z;1;0;0;17
6c461bf548b9c9d93287748945b41d2251965d93;2020-11-25T22_53_38.752Z;0;1;2;34
6c461bf548b9c9d93287748945b41d2251965d93;2020-11-25T23_09_25.261Z;0;7;7;29
6c461bf548b9c9d93287748945b41d2251965d93;2020-11-26T01_08_41.948Z;0;1;2;34
6c461bf548b9c9d93287748945b41d2251965d93;2020-11-26T01_24_09.166Z;0;7;7;29
6c461bf548b9c9d93287748945b41d2251965d93;2020-11-26T01_40_15.139Z;0;0;1;35
6c461bf548b9c9d93287748945b41d2251965d93;2020-11-26T02_27_53.970Z;0;6;6;30
6c461bf548b9c9d93287748945b41d2251965d93;2020-11-26T02_29_34.098Z;0;0;1;35
6c461bf548b9c9d93287748945b41d2251965d93;2020-11-26T02_42_11.686Z;0;0;1;35
6c461bf548b9c9d93287748945b41d2251965d93;2020-11-26T04_01_17.538Z;0;2;2;34
6c461bf548b9c9d93287748945b41d2251965d93;2020-11-26T04_35_54.360Z;0;0;1;35
6c461bf548b9c9d93287748945b41d2251965d93;2020-11-26T04_45_25.229Z;0;2;2;34
6c461bf548b9c9d93287748945b41d2251965d93;2020-11-26T04_59_03.637Z;0;0;1;35
6c461bf548b9c9d93287748945b41d2251965d93;2020-11-26T05_08_18.976Z;0;2;2;34
6ca0204ff8eea819742c218f58750954f2f2268a;2020-11-16T22_43_50.689Z;0;0;0;36
6ca0204ff8eea819742c218f58750954f2f2268a;2020-11-16T22_43_54.802Z;0;0;0;36
6ca0204ff8eea819742c218f58750954f2f2268a;2020-11-17T00_12_55.152Z;1;0;0;0
6ca0204ff8eea819742c218f58750954f2f2268a;2020-11-17T00_35_36.167Z;2;0;0;0
6ca0204ff8eea819742c218f58750954f2f2268a;2020-11-18T00_59_19.083Z;0;0;0;36
6ca0204ff8eea819742c218f58750954f2f2268a;2020-11-18T00_59_52.444Z;0;0;0;36
6ca0204ff8eea819742c218f58750954f2f2268a;2020-11-18T01_47_43.337Z;0;1;5;31
6ca0204ff8eea819742c218f58750954f2f2268a;2020-11-18T01_49_16.119Z;0;0;0;13
6ca0204ff8eea819742c218f58750954f2f2268a;2020-11-18T01_59_51.065Z;0;1;5;31
6ca0204ff8eea819742c218f58750954f2f2268a;2020-11-18T02_19_53.879Z;0;0;0;17
6ca0204ff8eea819742c218f58750954f2f2268a;2020-11-18T02_52_00.074Z;1;0;0;17
6ca0204ff8eea819742c218f58750954f2f2268a;2020-11-18T03_21_07.807Z;0;1;4;32
6ca0204ff8eea819742c218f58750954f2f2268a;2020-11-18T03_44_30.223Z;1;0;0;17
6ca0204ff8eea819742c218f58750954f2f2268a;2020-11-18T04_33_24.417Z;0;0;1;30
6ca0204ff8eea819742c218f58750954f2f2268a;2020-11-18T18_39_26.542Z;0;1;2;34
6ca0204ff8eea819742c218f58750954f2f2268a;2020-11-18T19_15_12.522Z;0;0;0;36
6ca0204ff8eea819742c218f58750954f2f2268a;2020-11-18T19_20_33.110Z;0;0;0;36
6ca0204ff8eea819742c218f58750954f2f2268a;2020-11-18T19_24_05.098Z;0;0;0;36
6ca0204ff8eea819742c218f58750954f2f2268a;2020-11-18T19_33_08.465Z;0;0;0;36
6ca0204ff8eea819742c218f58750954f2f2268a;2020-11-18T19_37_29.115Z;0;0;0;36
6d5aaa9492af40790519b44d5062cc519c34f643;2020-11-25T01_22_20.375Z;1;0;0;0
6d5aaa9492af40790519b44d5062cc519c34f643;2020-11-25T01_25_44.472Z;0;0;0;13
6d5aaa9492af40790519b44d5062cc519c34f643;2020-11-25T01_28_39.374Z;1;0;0;17
6d5aaa9492af40790519b44d5062cc519c34f643;2020-11-25T01_45_23.385Z;2;0;0;0
6d5aaa9492af40790519b44d5062cc519c34f643;2020-11-25T15_49_23.301Z;2;0;0;0
6d5aaa9492af40790519b44d5062cc519c34f643;2020-11-25T16_29_22.331Z;2;0;0;0
6d5aaa9492af40790519b44d5062cc519c34f643;2020-11-25T16_30_15.045Z;0;0;7;19
6d5aaa9492af40790519b44d5062cc519c34f643;2020-11-25T16_54_49.814Z;2;0;0;0
6d5aaa9492af40790519b44d5062cc519c34f643;2020-11-25T18_01_14.086Z;2;0;0;0
6d5aaa9492af40790519b44d5062cc519c34f643;2020-11-25T18_40_57.398Z;0;12;14;22
6d5aaa9492af40790519b44d5062cc519c34f643;2020-11-25T19_02_24.635Z;0;12;14;22
6d5aaa9492af40790519b44d5062cc519c34f643;2020-11-25T19_29_25.607Z;0;12;14;22
6d5aaa9492af40790519b44d5062cc519c34f643;2020-11-25T20_37_05.185Z;0;11;13;23
6d5aaa9492af40790519b44d5062cc519c34f643;2020-11-25T22_41_50.984Z;0;0;4;32
6d5aaa9492af40790519b44d5062cc519c34f643;2020-11-25T23_42_52.821Z;0;0;4;32
6d5aaa9492af40790519b44d5062cc519c34f643;2020-11-25T23_46_50.181Z;0;0;7;19
6d5aaa9492af40790519b44d5062cc519c34f643;2020-11-26T00_35_20.597Z;0;0;4;32
6d5aaa9492af40790519b44d5062cc519c34f643;2020-11-26T02_32_26.623Z;0;0;4;32
6d5aaa9492af40790519b44d5062cc519c34f643;2020-11-26T03_37_05.162Z;0;1;7;19
6d5aaa9492af40790519b44d5062cc519c34f643;2020-11-26T03_56_48.714Z;0;1;3;23
6d5aaa9492af40790519b44d5062cc519c34f643;2020-11-26T04_00_33.536Z;0;0;4;32
6d5aaa9492af40790519b44d5062cc519c34f643;2020-11-26T04_55_17.731Z;0;1;3;23
6d5aaa9492af40790519b44d5062cc519c34f643;2020-11-26T04_56_41.882Z;0;0;4;32
6d763f06e966f577fbcdec420126b548c6e079f3;2020-11-18T14_08_04.575Z;1;0;0;0
6d763f06e966f577fbcdec420126b548c6e079f3;2020-11-18T14_21_46.054Z;2;0;0;0
6d763f06e966f577fbcdec420126b548c6e079f3;2020-11-18T14_32_53.343Z;2;0;0;0
6d763f06e966f577fbcdec420126b548c6e079f3;2020-11-18T20_40_15.337Z;2;0;0;0
6d763f06e966f577fbcdec420126b548c6e079f3;2020-11-18T22_12_53.755Z;2;0;0;0
6d763f06e966f577fbcdec420126b548c6e079f3;2020-11-18T22_13_53.476Z;0;0;0;36
6d763f06e966f577fbcdec420126b548c6e079f3;2020-11-18T22_38_54.041Z;0;0;0;36
6d763f06e966f577fbcdec420126b548c6e079f3;2020-11-18T22_40_49.120Z;0;0;0;36
6d763f06e966f577fbcdec420126b548c6e079f3;2020-11-18T22_42_38.478Z;0;16;16;20
6d763f06e966f577fbcdec420126b548c6e079f3;2020-11-18T22_55_01.128Z;0;0;0;36
6d763f06e966f577fbcdec420126b548c6e079f3;2020-11-18T22_57_46.081Z;0;16;16;20
6d763f06e966f577fbcdec420126b548c6e079f3;2020-11-18T23_04_11.929Z;0;0;0;13
6d763f06e966f577fbcdec420126b548c6e079f3;2020-11-18T23_06_55.336Z;0;0;13;23
6d763f06e966f577fbcdec420126b548c6e079f3;2020-11-18T23_34_11.861Z;0;5;5;31
6d763f06e966f577fbcdec420126b548c6e079f3;2020-11-19T00_38_02.919Z;0;0;13;23
6d763f06e966f577fbcdec420126b548c6e079f3;2020-11-23T16_42_08.764Z;1;0;0;17
6d763f06e966f577fbcdec420126b548c6e079f3;2020-11-23T21_50_10.478Z;1;0;0;17
6d763f06e966f577fbcdec420126b548c6e079f3;2020-11-23T22_50_14.153Z;0;0;0;36
6d763f06e966f577fbcdec420126b548c6e079f3;2020-11-23T22_50_14.166Z;0;5;5;31
6d763f06e966f577fbcdec420126b548c6e079f3;2020-11-23T23_14_26.254Z;0;5;5;31
6d763f06e966f577fbcdec420126b548c6e079f3;2020-11-23T23_46_52.232Z;0;0;3;28
6d763f06e966f577fbcdec420126b548c6e079f3;2020-11-24T00_09_02.377Z;1;0;0;17
6d763f06e966f577fbcdec420126b548c6e079f3;2020-11-24T11_54_02.732Z;1;0;0;17
6d763f06e966f577fbcdec420126b548c6e079f3;2020-11-24T12_08_40.944Z;0;0;2;34
6d763f06e966f577fbcdec420126b548c6e079f3;2020-11-24T12_18_30.082Z;0;0;0;36
6d763f06e966f577fbcdec420126b548c6e079f3;2020-11-24T12_19_35.981Z;0;0;0;36
6d763f06e966f577fbcdec420126b548c6e079f3;2020-11-24T12_35_57.937Z;1;0;0;17
6d763f06e966f577fbcdec420126b548c6e079f3;2020-11-24T12_51_14.004Z;0;5;5;31
6d763f06e966f577fbcdec420126b548c6e079f3;2020-11-24T13_11_04.566Z;0;0;2;34
6d763f06e966f577fbcdec420126b548c6e079f3;2020-11-24T18_10_24.691Z;0;0;2;34
6d763f06e966f577fbcdec420126b548c6e079f3;2020-11-24T18_22_02.038Z;2;0;0;0
6d763f06e966f577fbcdec420126b548c6e079f3;2020-11-24T20_36_35.032Z;0;0;0;36
6d763f06e966f577fbcdec420126b548c6e079f3;2020-11-24T20_58_49.842Z;0;0;0;36
6db5438b3419df449f02fef8ae541ad4c3e972cf;2020-11-24T01_29_51.192Z;0;0;0;36
6db5438b3419df449f02fef8ae541ad4c3e972cf;2020-11-24T01_30_03.246Z;0;0;0;36
6db5438b3419df449f02fef8ae541ad4c3e972cf;2020-11-24T01_31_23.265Z;1;0;0;0
6db5438b3419df449f02fef8ae541ad4c3e972cf;2020-11-24T01_52_42.371Z;0;0;0;36
6db5438b3419df449f02fef8ae541ad4c3e972cf;2020-11-24T01_54_17.213Z;0;1;11;25
6db5438b3419df449f02fef8ae541ad4c3e972cf;2020-11-24T02_00_08.847Z;0;0;0;13
6db5438b3419df449f02fef8ae541ad4c3e972cf;2020-11-24T02_05_23.815Z;0;0;13;23
6db5438b3419df449f02fef8ae541ad4c3e972cf;2020-11-24T03_24_11.389Z;0;1;5;31
6db5438b3419df449f02fef8ae541ad4c3e972cf;2020-11-24T04_46_32.570Z;0;1;5;31
6db5438b3419df449f02fef8ae541ad4c3e972cf;2020-11-24T19_43_51.928Z;0;1;1;35
6db5438b3419df449f02fef8ae541ad4c3e972cf;2020-11-24T20_03_14.282Z;0;0;13;23
6db5438b3419df449f02fef8ae541ad4c3e972cf;2020-11-24T22_11_57.509Z;1;0;0;17
6db5438b3419df449f02fef8ae541ad4c3e972cf;2020-11-24T22_48_51.006Z;1;0;0;17
6db5438b3419df449f02fef8ae541ad4c3e972cf;2020-11-24T23_13_01.507Z;0;0;13;23
6db5438b3419df449f02fef8ae541ad4c3e972cf;2020-11-25T17_08_17.816Z;0;0;13;23
6db5438b3419df449f02fef8ae541ad4c3e972cf;2020-11-25T17_32_22.176Z;1;0;0;17
6db5438b3419df449f02fef8ae541ad4c3e972cf;2020-11-25T17_53_27.018Z;1;0;0;17
6db5438b3419df449f02fef8ae541ad4c3e972cf;2020-11-25T18_19_50.192Z;0;1;13;23
6db5438b3419df449f02fef8ae541ad4c3e972cf;2020-11-25T19_08_23.113Z;0;1;11;25
6db5438b3419df449f02fef8ae541ad4c3e972cf;2020-11-25T19_42_51.430Z;0;1;1;35
6db5438b3419df449f02fef8ae541ad4c3e972cf;2020-11-25T21_57_06.951Z;0;1;11;25
6db5438b3419df449f02fef8ae541ad4c3e972cf;2020-11-25T23_02_33.140Z;0;0;0;36
6db5438b3419df449f02fef8ae541ad4c3e972cf;2020-11-25T23_15_37.940Z;0;0;1;35
6db5438b3419df449f02fef8ae541ad4c3e972cf;2020-11-25T23_40_58.013Z;0;0;1;35
6db5438b3419df449f02fef8ae541ad4c3e972cf;2020-11-26T01_01_41.727Z;0;0;1;35
6db5438b3419df449f02fef8ae541ad4c3e972cf;2020-11-26T02_14_04.667Z;0;0;0;36
6db5438b3419df449f02fef8ae541ad4c3e972cf;2020-11-26T02_14_04.680Z;0;0;0;36
6db5438b3419df449f02fef8ae541ad4c3e972cf;2020-11-26T02_14_04.688Z;0;0;0;36
6db5438b3419df449f02fef8ae541ad4c3e972cf;2020-11-26T02_14_04.706Z;0;0;0;36
6db5438b3419df449f02fef8ae541ad4c3e972cf;2020-11-26T02_14_49.582Z;0;0;0;36
6db5438b3419df449f02fef8ae541ad4c3e972cf;2020-11-26T03_09_21.127Z;0;0;0;36
6db5438b3419df449f02fef8ae541ad4c3e972cf;2020-11-26T03_56_46.619Z;0;0;0;36
6db5438b3419df449f02fef8ae541ad4c3e972cf;2020-11-26T04_32_10.804Z;0;0;0;36
6db5438b3419df449f02fef8ae541ad4c3e972cf;2020-11-26T04_34_00.867Z;0;0;0;36
6e187a8a1e51badcb72f58aa711583db4f2d3393;2020-11-19T01_16_19.949Z;1;0;0;0
6e187a8a1e51badcb72f58aa711583db4f2d3393;2020-11-19T01_16_54.528Z;2;0;0;0
6e187a8a1e51badcb72f58aa711583db4f2d3393;2020-11-19T01_17_28.287Z;0;0;0;13
6e187a8a1e51badcb72f58aa711583db4f2d3393;2020-11-19T01_17_58.267Z;1;0;0;17
6e187a8a1e51badcb72f58aa711583db4f2d3393;2020-11-19T01_49_52.686Z;0;0;0;17
6e187a8a1e51badcb72f58aa711583db4f2d3393;2020-11-19T01_50_11.036Z;0;0;0;36
6e187a8a1e51badcb72f58aa711583db4f2d3393;2020-11-19T01_53_38.314Z;0;0;0;36
6e187a8a1e51badcb72f58aa711583db4f2d3393;2020-11-19T02_00_08.793Z;1;0;0;0
6e187a8a1e51badcb72f58aa711583db4f2d3393;2020-11-22T20_23_05.639Z;0;2;9;27
6e187a8a1e51badcb72f58aa711583db4f2d3393;2020-11-22T21_26_53.278Z;0;2;12;24
6e187a8a1e51badcb72f58aa711583db4f2d3393;2020-11-22T22_20_32.880Z;0;2;9;27
6e187a8a1e51badcb72f58aa711583db4f2d3393;2020-11-22T23_40_15.662Z;2;0;0;0
6e187a8a1e51badcb72f58aa711583db4f2d3393;2020-11-23T00_06_41.794Z;2;0;0;0
6e187a8a1e51badcb72f58aa711583db4f2d3393;2020-11-23T01_16_57.993Z;0;2;7;29
6e187a8a1e51badcb72f58aa711583db4f2d3393;2020-11-23T01_51_24.872Z;0;2;7;29
6e187a8a1e51badcb72f58aa711583db4f2d3393;2020-11-23T02_19_13.250Z;0;2;7;29
6e187a8a1e51badcb72f58aa711583db4f2d3393;2020-11-23T02_43_07.645Z;0;0;0;17
6e187a8a1e51badcb72f58aa711583db4f2d3393;2020-11-24T00_32_17.118Z;1;2;3;12
6e187a8a1e51badcb72f58aa711583db4f2d3393;2020-11-24T01_32_37.280Z;0;0;4;32
6e187a8a1e51badcb72f58aa711583db4f2d3393;2020-11-24T02_05_08.004Z;0;0;4;32
6e187a8a1e51badcb72f58aa711583db4f2d3393;2020-11-24T02_26_14.217Z;1;0;0;15
6e187a8a1e51badcb72f58aa711583db4f2d3393;2020-11-24T07_58_45.407Z;0;0;0;36
6e187a8a1e51badcb72f58aa711583db4f2d3393;2020-11-24T07_58_52.383Z;0;0;0;36
6e187a8a1e51badcb72f58aa711583db4f2d3393;2020-11-24T08_04_32.504Z;0;0;0;36
6e187a8a1e51badcb72f58aa711583db4f2d3393;2020-11-24T08_16_27.266Z;0;0;0;36
6e187a8a1e51badcb72f58aa711583db4f2d3393;2020-11-24T08_16_29.902Z;0;0;0;36
6e187a8a1e51badcb72f58aa711583db4f2d3393;2020-11-24T08_36_13.863Z;1;0;0;17
6e187a8a1e51badcb72f58aa711583db4f2d3393;2020-11-24T08_57_54.225Z;1;0;0;17
6e187a8a1e51badcb72f58aa711583db4f2d3393;2020-11-24T10_38_05.486Z;1;0;0;17
6e187a8a1e51badcb72f58aa711583db4f2d3393;2020-11-24T11_06_51.534Z;0;0;13;23
6e187a8a1e51badcb72f58aa711583db4f2d3393;2020-11-24T20_24_29.624Z;0;0;12;24
6e187a8a1e51badcb72f58aa711583db4f2d3393;2020-11-24T22_48_55.203Z;0;0;0;36
6e187a8a1e51badcb72f58aa711583db4f2d3393;2020-11-24T23_09_26.525Z;0;0;0;36
6e187a8a1e51badcb72f58aa711583db4f2d3393;2020-11-24T23_10_10.980Z;0;0;1;35
6e187a8a1e51badcb72f58aa711583db4f2d3393;2020-11-25T01_23_33.812Z;0;0;0;36
6e187a8a1e51badcb72f58aa711583db4f2d3393;2020-11-25T02_17_22.117Z;0;0;0;36
6e187a8a1e51badcb72f58aa711583db4f2d3393;2020-11-25T03_00_12.881Z;0;0;0;36
6e187a8a1e51badcb72f58aa711583db4f2d3393;2020-11-25T03_49_01.154Z;0;0;0;36
6e187a8a1e51badcb72f58aa711583db4f2d3393;2020-11-25T04_15_12.185Z;0;0;1;35
6e187a8a1e51badcb72f58aa711583db4f2d3393;2020-11-25T04_16_19.400Z;0;0;0;36
6e187a8a1e51badcb72f58aa711583db4f2d3393;2020-11-27T22_47_11.664Z;0;0;0;36
6e187a8a1e51badcb72f58aa711583db4f2d3393;2020-11-27T22_53_52.029Z;0;0;1;35
6e2f133cfae940ff672310c4ff824c7ef8eddf5b;2020-11-17T03_51_44.698Z;1;0;0;0
6e2f133cfae940ff672310c4ff824c7ef8eddf5b;2020-11-17T04_17_09.120Z;2;0;0;0
6e2f133cfae940ff672310c4ff824c7ef8eddf5b;2020-11-17T21_11_24.934Z;2;0;0;0
6e2f133cfae940ff672310c4ff824c7ef8eddf5b;2020-11-19T21_53_31.096Z;0;0;0;13
6e2f133cfae940ff672310c4ff824c7ef8eddf5b;2020-11-19T21_55_07.046Z;0;0;14;22
6e2f133cfae940ff672310c4ff824c7ef8eddf5b;2020-11-19T22_08_37.147Z;0;0;14;22
6e2f133cfae940ff672310c4ff824c7ef8eddf5b;2020-11-19T22_11_18.058Z;0;16;16;20
6e2f133cfae940ff672310c4ff824c7ef8eddf5b;2020-11-21T22_23_13.616Z;0;5;11;25
6e2f133cfae940ff672310c4ff824c7ef8eddf5b;2020-11-21T22_36_48.344Z;0;5;11;25
6e2f133cfae940ff672310c4ff824c7ef8eddf5b;2020-11-21T23_23_33.263Z;0;20;20;16
6e2f133cfae940ff672310c4ff824c7ef8eddf5b;2020-11-22T03_25_32.478Z;0;20;20;16
6e2f133cfae940ff672310c4ff824c7ef8eddf5b;2020-11-22T20_28_11.492Z;0;16;16;20
6e2f133cfae940ff672310c4ff824c7ef8eddf5b;2020-11-22T21_31_35.158Z;0;16;16;20
6e2f133cfae940ff672310c4ff824c7ef8eddf5b;2020-11-22T23_59_14.079Z;0;16;16;20
6e2f133cfae940ff672310c4ff824c7ef8eddf5b;2020-11-23T04_43_17.662Z;0;20;20;16
6e2f133cfae940ff672310c4ff824c7ef8eddf5b;2020-11-23T05_38_14.309Z;0;5;11;25
6e2f133cfae940ff672310c4ff824c7ef8eddf5b;2020-11-23T20_02_43.495Z;0;5;5;31
6e2f133cfae940ff672310c4ff824c7ef8eddf5b;2020-11-23T20_39_48.387Z;0;5;5;31
6e2f133cfae940ff672310c4ff824c7ef8eddf5b;2020-11-23T20_52_24.911Z;0;0;14;22
6e2f133cfae940ff672310c4ff824c7ef8eddf5b;2020-11-23T20_53_56.906Z;0;1;1;35
6e2f133cfae940ff672310c4ff824c7ef8eddf5b;2020-11-23T21_59_34.429Z;0;0;14;22
6e2f133cfae940ff672310c4ff824c7ef8eddf5b;2020-11-23T22_45_10.766Z;0;0;14;22
6e2f133cfae940ff672310c4ff824c7ef8eddf5b;2020-11-24T20_14_16.309Z;0;0;14;22
6e2f133cfae940ff672310c4ff824c7ef8eddf5b;2020-11-24T20_55_01.865Z;0;1;1;35
6e2f133cfae940ff672310c4ff824c7ef8eddf5b;2020-11-24T20_57_57.674Z;0;1;11;25
6e2f133cfae940ff672310c4ff824c7ef8eddf5b;2020-11-24T21_26_37.962Z;0;3;10;26
6e2f133cfae940ff672310c4ff824c7ef8eddf5b;2020-11-25T20_17_19.121Z;0;6;11;25
6e2f133cfae940ff672310c4ff824c7ef8eddf5b;2020-11-25T20_53_21.617Z;0;1;1;35
6e2f133cfae940ff672310c4ff824c7ef8eddf5b;2020-11-25T21_00_50.466Z;0;5;10;26
6e2f133cfae940ff672310c4ff824c7ef8eddf5b;2020-11-25T21_13_47.141Z;0;5;11;25
6e2f133cfae940ff672310c4ff824c7ef8eddf5b;2020-11-25T22_04_44.446Z;0;1;1;35
6e2f133cfae940ff672310c4ff824c7ef8eddf5b;2020-11-25T22_13_15.838Z;0;5;11;25
6e2f133cfae940ff672310c4ff824c7ef8eddf5b;2020-11-25T22_50_41.741Z;0;3;8;28
6e2f133cfae940ff672310c4ff824c7ef8eddf5b;2020-11-25T23_21_29.123Z;0;0;0;36
6e2f133cfae940ff672310c4ff824c7ef8eddf5b;2020-11-25T23_22_03.302Z;0;3;6;30
6e2f133cfae940ff672310c4ff824c7ef8eddf5b;2020-11-26T00_42_50.302Z;0;1;3;33
6e2f133cfae940ff672310c4ff824c7ef8eddf5b;2020-11-26T00_44_31.472Z;0;0;0;36
6e2f133cfae940ff672310c4ff824c7ef8eddf5b;2020-11-26T02_48_48.284Z;0;0;0;36
6e2f133cfae940ff672310c4ff824c7ef8eddf5b;2020-11-26T02_53_08.713Z;0;1;3;33
6e4e0168083716fe8b485ddb5ddc86d02ebaae6f;2020-11-22T17_26_25.999Z;1;0;0;0
6e4e0168083716fe8b485ddb5ddc86d02ebaae6f;2020-11-22T18_21_13.740Z;0;12;12;24
6e4e0168083716fe8b485ddb5ddc86d02ebaae6f;2020-11-25T02_44_59.473Z;0;0;0;13
6e4e0168083716fe8b485ddb5ddc86d02ebaae6f;2020-11-25T02_47_09.226Z;0;0;13;23
6e4e0168083716fe8b485ddb5ddc86d02ebaae6f;2020-11-25T03_07_45.115Z;0;1;5;31
6e4e0168083716fe8b485ddb5ddc86d02ebaae6f;2020-11-25T03_56_00.972Z;0;5;5;31
6e4e0168083716fe8b485ddb5ddc86d02ebaae6f;2020-11-25T04_51_22.732Z;0;0;2;34
6e4e0168083716fe8b485ddb5ddc86d02ebaae6f;2020-11-25T04_54_46.522Z;1;0;0;17
6e4e0168083716fe8b485ddb5ddc86d02ebaae6f;2020-11-25T18_07_56.973Z;0;0;13;23
6e4e0168083716fe8b485ddb5ddc86d02ebaae6f;2020-11-25T18_37_58.407Z;1;0;0;17
6e4e0168083716fe8b485ddb5ddc86d02ebaae6f;2020-11-25T19_49_10.488Z;0;0;7;28
6e4e0168083716fe8b485ddb5ddc86d02ebaae6f;2020-11-25T20_20_20.388Z;0;0;8;28
6e4e0168083716fe8b485ddb5ddc86d02ebaae6f;2020-11-25T21_30_28.938Z;0;0;0;36
6e4e0168083716fe8b485ddb5ddc86d02ebaae6f;2020-11-25T21_45_51.442Z;0;0;2;34
6fc87d4f53fe81c4bd7a3d4b3c53ac521ba7c6d3;2020-11-14T05_05_49.483Z;0;0;0;36
6fc87d4f53fe81c4bd7a3d4b3c53ac521ba7c6d3;2020-11-14T05_05_51.788Z;0;0;0;36
6fc87d4f53fe81c4bd7a3d4b3c53ac521ba7c6d3;2020-11-14T05_05_54.541Z;0;0;0;36
6fc87d4f53fe81c4bd7a3d4b3c53ac521ba7c6d3;2020-11-21T03_44_37.862Z;1;0;0;0
6fc87d4f53fe81c4bd7a3d4b3c53ac521ba7c6d3;2020-11-21T03_45_15.719Z;0;0;0;13
6fc87d4f53fe81c4bd7a3d4b3c53ac521ba7c6d3;2020-11-21T03_50_24.989Z;0;0;13;23
6fc87d4f53fe81c4bd7a3d4b3c53ac521ba7c6d3;2020-11-21T03_50_44.608Z;0;6;17;19
6fc87d4f53fe81c4bd7a3d4b3c53ac521ba7c6d3;2020-11-25T17_47_35.252Z;0;0;13;23
6fc87d4f53fe81c4bd7a3d4b3c53ac521ba7c6d3;2020-11-25T22_18_32.012Z;2;0;0;0
6fc87d4f53fe81c4bd7a3d4b3c53ac521ba7c6d3;2020-11-25T22_35_55.203Z;0;0;0;36
6fc87d4f53fe81c4bd7a3d4b3c53ac521ba7c6d3;2020-11-25T22_37_15.870Z;0;0;0;36
6fc87d4f53fe81c4bd7a3d4b3c53ac521ba7c6d3;2020-11-25T22_47_59.804Z;2;0;0;0
6fc87d4f53fe81c4bd7a3d4b3c53ac521ba7c6d3;2020-11-25T23_36_43.710Z;2;0;0;0
6fc87d4f53fe81c4bd7a3d4b3c53ac521ba7c6d3;2020-11-26T05_46_45.472Z;2;0;0;0
6fc87d4f53fe81c4bd7a3d4b3c53ac521ba7c6d3;2020-11-26T13_54_22.010Z;0;0;7;29
6fc87d4f53fe81c4bd7a3d4b3c53ac521ba7c6d3;2020-11-26T14_28_48.527Z;0;0;7;29
6fc87d4f53fe81c4bd7a3d4b3c53ac521ba7c6d3;2020-11-26T14_43_58.507Z;0;0;3;33
6fc87d4f53fe81c4bd7a3d4b3c53ac521ba7c6d3;2020-11-26T15_18_21.152Z;0;0;0;36
6fc87d4f53fe81c4bd7a3d4b3c53ac521ba7c6d3;2020-11-26T15_22_29.899Z;0;0;0;36
6fc87d4f53fe81c4bd7a3d4b3c53ac521ba7c6d3;2020-11-26T15_33_20.958Z;0;0;13;23
6fc87d4f53fe81c4bd7a3d4b3c53ac521ba7c6d3;2020-11-26T16_36_17.135Z;0;0;6;30
6fc87d4f53fe81c4bd7a3d4b3c53ac521ba7c6d3;2020-11-26T17_38_53.110Z;0;2;2;34
6fc87d4f53fe81c4bd7a3d4b3c53ac521ba7c6d3;2020-11-26T18_10_39.562Z;0;0;0;36
6fc87d4f53fe81c4bd7a3d4b3c53ac521ba7c6d3;2020-11-26T18_19_08.502Z;0;2;2;34
6fc87d4f53fe81c4bd7a3d4b3c53ac521ba7c6d3;2020-11-26T19_08_32.834Z;0;0;0;36
6fc87d4f53fe81c4bd7a3d4b3c53ac521ba7c6d3;2020-11-26T19_20_38.715Z;0;0;0;36
6fc87d4f53fe81c4bd7a3d4b3c53ac521ba7c6d3;2020-11-26T19_20_54.004Z;0;0;0;36
6fc87d4f53fe81c4bd7a3d4b3c53ac521ba7c6d3;2020-11-26T19_21_43.065Z;0;0;0;36
6fc87d4f53fe81c4bd7a3d4b3c53ac521ba7c6d3;2020-11-26T19_21_43.079Z;0;0;0;36
6fc87d4f53fe81c4bd7a3d4b3c53ac521ba7c6d3;2020-11-26T19_21_43.087Z;0;0;0;36
6fc87d4f53fe81c4bd7a3d4b3c53ac521ba7c6d3;2020-11-26T19_22_17.028Z;0;0;0;36
6fc87d4f53fe81c4bd7a3d4b3c53ac521ba7c6d3;2020-11-26T19_31_57.735Z;0;0;0;36
6fc87d4f53fe81c4bd7a3d4b3c53ac521ba7c6d3;2020-11-26T23_39_01.320Z;0;0;0;36
6fc87d4f53fe81c4bd7a3d4b3c53ac521ba7c6d3;2020-11-27T00_15_42.247Z;0;0;0;36
6fc87d4f53fe81c4bd7a3d4b3c53ac521ba7c6d3;2020-11-27T00_40_34.403Z;0;0;0;36
6fc87d4f53fe81c4bd7a3d4b3c53ac521ba7c6d3;2020-11-27T00_40_46.169Z;0;0;0;36
713c5dddd704f0ddc8f58ea00009c7aba94363f6;2020-11-16T05_00_10.384Z;0;0;0;36
713c5dddd704f0ddc8f58ea00009c7aba94363f6;2020-11-16T05_00_17.173Z;0;0;0;13
713c5dddd704f0ddc8f58ea00009c7aba94363f6;2020-11-16T05_00_46.297Z;0;0;0;36
713c5dddd704f0ddc8f58ea00009c7aba94363f6;2020-11-16T05_00_49.620Z;0;0;0;36
713c5dddd704f0ddc8f58ea00009c7aba94363f6;2020-11-16T05_04_23.394Z;0;0;0;36
713c5dddd704f0ddc8f58ea00009c7aba94363f6;2020-11-16T05_05_50.710Z;1;0;0;17
713c5dddd704f0ddc8f58ea00009c7aba94363f6;2020-11-16T05_12_15.467Z;0;0;0;36
713c5dddd704f0ddc8f58ea00009c7aba94363f6;2020-11-16T05_12_21.074Z;0;0;0;36
713c5dddd704f0ddc8f58ea00009c7aba94363f6;2020-11-16T05_33_32.627Z;0;0;0;36
713c5dddd704f0ddc8f58ea00009c7aba94363f6;2020-11-16T06_01_42.675Z;0;0;0;36
713c5dddd704f0ddc8f58ea00009c7aba94363f6;2020-11-16T06_01_51.903Z;2;0;0;0
713c5dddd704f0ddc8f58ea00009c7aba94363f6;2020-11-16T06_15_08.930Z;0;0;13;23
713c5dddd704f0ddc8f58ea00009c7aba94363f6;2020-11-16T06_56_32.551Z;0;13;15;21
713c5dddd704f0ddc8f58ea00009c7aba94363f6;2020-11-16T19_27_41.787Z;0;13;15;21
713c5dddd704f0ddc8f58ea00009c7aba94363f6;2020-11-16T19_57_11.133Z;0;13;15;21
713c5dddd704f0ddc8f58ea00009c7aba94363f6;2020-11-16T20_15_11.667Z;0;4;10;26
713c5dddd704f0ddc8f58ea00009c7aba94363f6;2020-11-16T22_42_16.300Z;0;1;1;35
713c5dddd704f0ddc8f58ea00009c7aba94363f6;2020-11-16T23_40_28.623Z;0;2;9;27
713c5dddd704f0ddc8f58ea00009c7aba94363f6;2020-11-16T23_59_59.383Z;1;0;0;17
713c5dddd704f0ddc8f58ea00009c7aba94363f6;2020-11-17T00_00_53.075Z;0;0;0;36
713c5dddd704f0ddc8f58ea00009c7aba94363f6;2020-11-17T05_09_55.155Z;0;0;0;36
713c5dddd704f0ddc8f58ea00009c7aba94363f6;2020-11-17T05_11_58.445Z;1;0;0;17
713c5dddd704f0ddc8f58ea00009c7aba94363f6;2020-11-17T06_25_59.893Z;0;2;5;31
713c5dddd704f0ddc8f58ea00009c7aba94363f6;2020-11-17T16_35_53.867Z;0;0;0;36
713c5dddd704f0ddc8f58ea00009c7aba94363f6;2020-11-17T16_48_16.758Z;0;0;0;36
713c5dddd704f0ddc8f58ea00009c7aba94363f6;2020-11-17T16_55_12.330Z;1;0;0;17
713c5dddd704f0ddc8f58ea00009c7aba94363f6;2020-11-17T19_30_02.604Z;0;0;0;36
713c5dddd704f0ddc8f58ea00009c7aba94363f6;2020-11-17T19_43_58.356Z;0;0;0;36
713df1cac37576e434673406ef25ccefacf3ae42;2020-11-23T05_43_47.239Z;1;0;0;0
713df1cac37576e434673406ef25ccefacf3ae42;2020-11-23T06_02_02.983Z;2;0;0;0
713df1cac37576e434673406ef25ccefacf3ae42;2020-11-23T06_21_16.673Z;0;0;0;13
713df1cac37576e434673406ef25ccefacf3ae42;2020-11-23T06_22_43.582Z;0;0;13;23
713df1cac37576e434673406ef25ccefacf3ae42;2020-11-23T06_53_54.757Z;0;3;4;32
713df1cac37576e434673406ef25ccefacf3ae42;2020-11-23T07_15_21.592Z;0;3;4;32
713df1cac37576e434673406ef25ccefacf3ae42;2020-11-23T08_13_12.703Z;0;1;12;24
713df1cac37576e434673406ef25ccefacf3ae42;2020-11-23T21_01_43.958Z;0;3;4;32
713df1cac37576e434673406ef25ccefacf3ae42;2020-11-23T21_44_20.737Z;0;3;5;31
713df1cac37576e434673406ef25ccefacf3ae42;2020-11-23T21_46_31.450Z;0;3;4;32
713df1cac37576e434673406ef25ccefacf3ae42;2020-11-23T22_25_29.507Z;0;3;3;33
713df1cac37576e434673406ef25ccefacf3ae42;2020-11-23T22_25_50.779Z;0;3;3;33
713df1cac37576e434673406ef25ccefacf3ae42;2020-11-23T22_55_22.466Z;0;4;4;32
713df1cac37576e434673406ef25ccefacf3ae42;2020-11-23T23_04_43.741Z;0;2;3;33
713df1cac37576e434673406ef25ccefacf3ae42;2020-11-25T00_39_50.175Z;0;2;2;34
713df1cac37576e434673406ef25ccefacf3ae42;2020-11-25T00_58_58.621Z;0;3;3;33
713df1cac37576e434673406ef25ccefacf3ae42;2020-11-25T01_13_47.656Z;0;0;0;36
713df1cac37576e434673406ef25ccefacf3ae42;2020-11-25T02_02_20.287Z;0;0;0;36
713df1cac37576e434673406ef25ccefacf3ae42;2020-11-25T02_17_41.987Z;0;0;0;36
713df1cac37576e434673406ef25ccefacf3ae42;2020-11-25T02_25_59.967Z;0;0;0;36
713df1cac37576e434673406ef25ccefacf3ae42;2020-11-25T22_24_17.566Z;0;0;0;36
71fe42a113dd697e5b2febb2d566d6f80d376d03;2020-11-18T01_46_32.706Z;1;0;0;0
71fe42a113dd697e5b2febb2d566d6f80d376d03;2020-11-18T01_48_27.526Z;2;0;0;0
71fe42a113dd697e5b2febb2d566d6f80d376d03;2020-11-23T19_54_52.704Z;0;0;0;13
71fe42a113dd697e5b2febb2d566d6f80d376d03;2020-11-23T19_55_57.457Z;0;0;13;23
71fe42a113dd697e5b2febb2d566d6f80d376d03;2020-11-23T20_04_23.211Z;2;0;0;0
71fe42a113dd697e5b2febb2d566d6f80d376d03;2020-11-23T20_37_05.448Z;2;0;0;0
71fe42a113dd697e5b2febb2d566d6f80d376d03;2020-11-23T21_30_19.888Z;0;0;4;32
71fe42a113dd697e5b2febb2d566d6f80d376d03;2020-11-23T21_44_13.009Z;2;0;0;0
71fe42a113dd697e5b2febb2d566d6f80d376d03;2020-11-23T22_24_48.386Z;0;0;4;32
71fe42a113dd697e5b2febb2d566d6f80d376d03;2020-11-24T17_34_24.802Z;0;0;0;36
71fe42a113dd697e5b2febb2d566d6f80d376d03;2020-11-24T18_19_28.280Z;1;0;0;17
71fe42a113dd697e5b2febb2d566d6f80d376d03;2020-11-24T18_38_07.770Z;0;0;13;23
71fe42a113dd697e5b2febb2d566d6f80d376d03;2020-11-26T13_21_23.204Z;0;0;13;23
71fe42a113dd697e5b2febb2d566d6f80d376d03;2020-11-26T13_54_03.668Z;1;0;0;17
71fe42a113dd697e5b2febb2d566d6f80d376d03;2020-11-26T14_34_16.739Z;0;0;13;23
71fe42a113dd697e5b2febb2d566d6f80d376d03;2020-11-26T15_35_26.048Z;0;0;13;23
71fe42a113dd697e5b2febb2d566d6f80d376d03;2020-11-26T16_03_55.150Z;0;0;0;36
71fe42a113dd697e5b2febb2d566d6f80d376d03;2020-11-26T16_33_19.849Z;0;0;0;36
71fe42a113dd697e5b2febb2d566d6f80d376d03;2020-11-26T16_34_03.970Z;0;0;6;30
71fe42a113dd697e5b2febb2d566d6f80d376d03;2020-11-26T21_40_24.416Z;0;0;0;36
71fe42a113dd697e5b2febb2d566d6f80d376d03;2020-11-26T21_47_47.879Z;0;0;4;32
71fe42a113dd697e5b2febb2d566d6f80d376d03;2020-11-26T22_07_58.875Z;0;0;4;32
71fe42a113dd697e5b2febb2d566d6f80d376d03;2020-11-26T22_40_53.254Z;0;0;0;36
71fe42a113dd697e5b2febb2d566d6f80d376d03;2020-11-26T22_51_15.143Z;0;0;3;33
71fe42a113dd697e5b2febb2d566d6f80d376d03;2020-11-27T13_13_36.020Z;1;0;0;17
71fe42a113dd697e5b2febb2d566d6f80d376d03;2020-11-27T13_58_03.981Z;0;0;0;36
71fe42a113dd697e5b2febb2d566d6f80d376d03;2020-11-27T14_06_32.481Z;0;0;0;36
71fe42a113dd697e5b2febb2d566d6f80d376d03;2020-11-27T18_45_32.527Z;0;0;0;36
71fe42a113dd697e5b2febb2d566d6f80d376d03;2020-11-27T19_06_13.782Z;0;0;0;36
71fe42a113dd697e5b2febb2d566d6f80d376d03;2020-11-27T19_21_34.911Z;0;0;0;36
71fe42a113dd697e5b2febb2d566d6f80d376d03;2020-11-27T21_34_07.212Z;0;0;0;36
71fe42a113dd697e5b2febb2d566d6f80d376d03;2020-11-27T21_46_58.774Z;0;0;0;36
71fe42a113dd697e5b2febb2d566d6f80d376d03;2020-11-27T22_28_25.947Z;0;0;0;36
71fe42a113dd697e5b2febb2d566d6f80d376d03;2020-11-27T23_02_56.037Z;0;0;0;36
71fe42a113dd697e5b2febb2d566d6f80d376d03;2020-11-28T00_44_43.030Z;0;0;0;36
71fe42a113dd697e5b2febb2d566d6f80d376d03;2020-11-28T00_58_18.574Z;0;0;0;36
71fe42a113dd697e5b2febb2d566d6f80d376d03;2020-11-28T01_04_06.377Z;0;0;0;36
736f3aaa60c9d0eaab53014dd997f5c90600091f;2020-11-26T19_01_53.495Z;1;0;0;0
736f3aaa60c9d0eaab53014dd997f5c90600091f;2020-11-26T19_02_52.213Z;2;0;0;0
736f3aaa60c9d0eaab53014dd997f5c90600091f;2020-11-26T19_03_03.731Z;0;0;0;13
736f3aaa60c9d0eaab53014dd997f5c90600091f;2020-11-26T19_03_28.168Z;1;0;0;17
736f3aaa60c9d0eaab53014dd997f5c90600091f;2020-11-26T19_26_00.441Z;2;0;0;0
736f3aaa60c9d0eaab53014dd997f5c90600091f;2020-11-26T20_28_24.259Z;2;0;0;0
736f3aaa60c9d0eaab53014dd997f5c90600091f;2020-11-26T22_24_56.624Z;0;0;13;23
736f3aaa60c9d0eaab53014dd997f5c90600091f;2020-11-26T22_41_44.735Z;0;0;0;36
736f3aaa60c9d0eaab53014dd997f5c90600091f;2020-11-26T22_48_17.917Z;0;0;0;36
736f3aaa60c9d0eaab53014dd997f5c90600091f;2020-11-26T23_27_55.806Z;0;0;0;36
736f3aaa60c9d0eaab53014dd997f5c90600091f;2020-11-26T23_43_59.466Z;0;0;0;36
736f3aaa60c9d0eaab53014dd997f5c90600091f;2020-11-26T23_57_44.956Z;0;2;5;31
736f3aaa60c9d0eaab53014dd997f5c90600091f;2020-11-27T00_18_16.899Z;0;0;0;36
736f3aaa60c9d0eaab53014dd997f5c90600091f;2020-11-27T00_31_22.130Z;0;0;0;36
736f3aaa60c9d0eaab53014dd997f5c90600091f;2020-11-27T00_32_05.603Z;0;2;13;23
736f3aaa60c9d0eaab53014dd997f5c90600091f;2020-11-27T04_04_44.493Z;0;2;3;33
736f3aaa60c9d0eaab53014dd997f5c90600091f;2020-11-27T04_18_40.526Z;0;3;3;33
736f3aaa60c9d0eaab53014dd997f5c90600091f;2020-11-27T04_24_46.262Z;0;2;2;34
736f3aaa60c9d0eaab53014dd997f5c90600091f;2020-11-27T04_51_58.007Z;0;0;0;36
736f3aaa60c9d0eaab53014dd997f5c90600091f;2020-11-27T04_55_58.771Z;0;0;0;36
737a7201f8108e07db06622a15ebc3a749e50f3e;2020-11-25T20_12_09.471Z;0;0;0;36
737a7201f8108e07db06622a15ebc3a749e50f3e;2020-11-25T20_12_12.822Z;0;0;0;36
737a7201f8108e07db06622a15ebc3a749e50f3e;2020-11-25T20_12_14.534Z;0;0;0;36
737a7201f8108e07db06622a15ebc3a749e50f3e;2020-11-25T20_21_40.666Z;1;0;0;0
737a7201f8108e07db06622a15ebc3a749e50f3e;2020-11-25T21_15_21.046Z;2;0;0;0
737a7201f8108e07db06622a15ebc3a749e50f3e;2020-11-26T01_19_00.077Z;0;0;0;36
737a7201f8108e07db06622a15ebc3a749e50f3e;2020-11-26T01_19_00.085Z;0;0;0;36
737a7201f8108e07db06622a15ebc3a749e50f3e;2020-11-26T01_19_00.092Z;0;0;0;36
737a7201f8108e07db06622a15ebc3a749e50f3e;2020-11-26T01_19_55.669Z;2;0;0;0
737a7201f8108e07db06622a15ebc3a749e50f3e;2020-11-26T02_09_59.187Z;0;13;13;23
737a7201f8108e07db06622a15ebc3a749e50f3e;2020-11-26T02_11_32.126Z;0;0;0;13
737a7201f8108e07db06622a15ebc3a749e50f3e;2020-11-26T02_12_30.676Z;0;0;0;17
737a7201f8108e07db06622a15ebc3a749e50f3e;2020-11-26T02_27_04.251Z;0;13;13;23
737a7201f8108e07db06622a15ebc3a749e50f3e;2020-11-26T02_41_20.195Z;0;0;13;23
737a7201f8108e07db06622a15ebc3a749e50f3e;2020-11-26T03_07_52.326Z;0;9;9;27
737a7201f8108e07db06622a15ebc3a749e50f3e;2020-11-26T03_34_03.197Z;0;0;10;26
737a7201f8108e07db06622a15ebc3a749e50f3e;2020-11-26T04_15_52.251Z;0;0;0;36
737a7201f8108e07db06622a15ebc3a749e50f3e;2020-11-26T04_21_32.687Z;1;0;0;17
737a7201f8108e07db06622a15ebc3a749e50f3e;2020-11-26T04_42_56.943Z;0;1;1;35
737a7201f8108e07db06622a15ebc3a749e50f3e;2020-11-26T04_53_19.098Z;0;2;4;32
737a7201f8108e07db06622a15ebc3a749e50f3e;2020-11-26T04_57_10.327Z;0;1;1;35
74a099cc415506833fc2b1b731514bd28ac8098f;2020-11-26T04_33_01.519Z;0;0;0;36
74a099cc415506833fc2b1b731514bd28ac8098f;2021-01-15T16_48_49.023Z;1;0;0;0
74a099cc415506833fc2b1b731514bd28ac8098f;2021-01-15T16_49_30.718Z;2;0;0;0
74a099cc415506833fc2b1b731514bd28ac8098f;2021-01-15T16_49_49.984Z;0;0;0;13
74a099cc415506833fc2b1b731514bd28ac8098f;2021-01-15T16_50_01.247Z;1;0;0;17
74a099cc415506833fc2b1b731514bd28ac8098f;2021-01-15T17_12_59.988Z;2;0;0;0
74a099cc415506833fc2b1b731514bd28ac8098f;2021-01-16T20_46_46.067Z;0;0;0;13
74a099cc415506833fc2b1b731514bd28ac8098f;2021-01-16T20_47_42.484Z;0;0;0;36
74a099cc415506833fc2b1b731514bd28ac8098f;2021-01-16T20_48_58.346Z;0;2;6;24
74a099cc415506833fc2b1b731514bd28ac8098f;2021-01-16T20_49_53.557Z;0;0;0;36
74a099cc415506833fc2b1b731514bd28ac8098f;2021-01-16T20_51_44.435Z;0;0;0;36
74a099cc415506833fc2b1b731514bd28ac8098f;2021-01-16T20_52_12.605Z;0;0;0;36
74a099cc415506833fc2b1b731514bd28ac8098f;2021-01-16T20_52_17.165Z;0;0;0;36
74a099cc415506833fc2b1b731514bd28ac8098f;2021-01-19T07_21_25.437Z;0;1;7;24
74a099cc415506833fc2b1b731514bd28ac8098f;2021-01-19T19_04_34.036Z;1;0;0;17
74a099cc415506833fc2b1b731514bd28ac8098f;2021-01-19T21_30_55.292Z;0;0;0;17
74a099cc415506833fc2b1b731514bd28ac8098f;2021-01-19T22_00_33.003Z;0;1;5;26
74a099cc415506833fc2b1b731514bd28ac8098f;2021-01-19T22_02_33.193Z;0;0;0;17
74a099cc415506833fc2b1b731514bd28ac8098f;2021-01-19T22_25_00.089Z;0;1;5;26
74a099cc415506833fc2b1b731514bd28ac8098f;2021-01-19T23_07_39.574Z;0;3;3;18
74a099cc415506833fc2b1b731514bd28ac8098f;2021-01-20T01_29_45.529Z;1;0;0;17
74a099cc415506833fc2b1b731514bd28ac8098f;2021-01-20T02_11_12.007Z;0;3;4;27
74a099cc415506833fc2b1b731514bd28ac8098f;2021-02-03T10_03_49.352Z;0;13;13;23
74a099cc415506833fc2b1b731514bd28ac8098f;2021-02-03T10_19_02.417Z;0;13;13;23
74a099cc415506833fc2b1b731514bd28ac8098f;2021-02-03T10_20_23.293Z;2;0;0;0
752ac65f19eb98c6987504a1382f382be9b25d76;2020-11-23T05_20_20.208Z;1;0;0;0
752ac65f19eb98c6987504a1382f382be9b25d76;2020-11-23T05_21_13.014Z;0;0;0;13
752ac65f19eb98c6987504a1382f382be9b25d76;2020-11-23T05_32_10.335Z;0;0;13;23
752ac65f19eb98c6987504a1382f382be9b25d76;2020-11-23T06_50_47.102Z;0;1;10;26
752ac65f19eb98c6987504a1382f382be9b25d76;2020-11-23T21_02_29.388Z;0;1;6;30
752ac65f19eb98c6987504a1382f382be9b25d76;2020-11-23T21_42_50.113Z;1;0;0;17
752ac65f19eb98c6987504a1382f382be9b25d76;2020-11-23T23_07_21.406Z;1;0;0;17
752ac65f19eb98c6987504a1382f382be9b25d76;2020-11-24T00_42_29.320Z;0;0;7;29
752ac65f19eb98c6987504a1382f382be9b25d76;2020-11-24T01_34_36.076Z;0;0;7;29
752ac65f19eb98c6987504a1382f382be9b25d76;2020-11-24T04_40_39.673Z;0;0;3;33
752ac65f19eb98c6987504a1382f382be9b25d76;2020-11-24T05_31_26.042Z;0;0;5;31
752ac65f19eb98c6987504a1382f382be9b25d76;2020-11-24T05_48_30.417Z;0;12;12;24
752ac65f19eb98c6987504a1382f382be9b25d76;2020-11-24T05_51_36.602Z;0;0;4;32
752ac65f19eb98c6987504a1382f382be9b25d76;2020-11-24T05_58_37.120Z;0;12;12;24
752ac65f19eb98c6987504a1382f382be9b25d76;2020-11-24T06_15_44.926Z;0;11;11;25
752ac65f19eb98c6987504a1382f382be9b25d76;2020-11-24T06_34_48.246Z;0;0;0;36
752ac65f19eb98c6987504a1382f382be9b25d76;2020-11-24T06_52_07.810Z;0;0;0;36
752ac65f19eb98c6987504a1382f382be9b25d76;2020-11-24T07_43_48.631Z;0;0;0;36
752ac65f19eb98c6987504a1382f382be9b25d76;2020-11-24T08_10_54.314Z;0;0;0;36
76d73dd6aeff425bfefdd46f36c07ab5e12bc561;2020-11-23T20_40_34.291Z;0;0;0;36
76d73dd6aeff425bfefdd46f36c07ab5e12bc561;2020-11-23T20_40_46.677Z;0;0;0;36
76d73dd6aeff425bfefdd46f36c07ab5e12bc561;2020-11-26T20_25_57.832Z;0;0;0;36
76d73dd6aeff425bfefdd46f36c07ab5e12bc561;2020-11-26T20_42_57.428Z;0;0;0;36
76d73dd6aeff425bfefdd46f36c07ab5e12bc561;2020-11-26T20_47_16.769Z;0;0;0;13
76d73dd6aeff425bfefdd46f36c07ab5e12bc561;2020-11-26T20_47_46.259Z;1;0;0;17
76d73dd6aeff425bfefdd46f36c07ab5e12bc561;2020-11-26T21_26_42.980Z;0;0;0;17
76d73dd6aeff425bfefdd46f36c07ab5e12bc561;2020-11-26T21_27_24.025Z;1;0;0;0
76d73dd6aeff425bfefdd46f36c07ab5e12bc561;2020-11-26T21_27_40.206Z;0;0;0;36
76d73dd6aeff425bfefdd46f36c07ab5e12bc561;2020-11-26T21_46_25.520Z;0;0;0;13
76d73dd6aeff425bfefdd46f36c07ab5e12bc561;2020-11-26T21_53_12.220Z;2;0;0;0
76d73dd6aeff425bfefdd46f36c07ab5e12bc561;2020-11-26T22_26_36.440Z;0;0;0;36
76d73dd6aeff425bfefdd46f36c07ab5e12bc561;2020-11-26T22_51_30.653Z;1;0;0;17
76d73dd6aeff425bfefdd46f36c07ab5e12bc561;2020-11-27T00_51_52.699Z;0;0;0;36
76d73dd6aeff425bfefdd46f36c07ab5e12bc561;2020-11-27T01_21_36.442Z;0;0;0;36
76d73dd6aeff425bfefdd46f36c07ab5e12bc561;2020-11-27T01_42_07.263Z;0;0;0;36
76e5bea3c4541fc766a846f0c38cf2039d386777;2020-11-22T22_18_08.234Z;1;0;0;0
76e5bea3c4541fc766a846f0c38cf2039d386777;2020-11-22T23_11_11.827Z;0;0;0;36
76e5bea3c4541fc766a846f0c38cf2039d386777;2020-11-22T23_11_54.512Z;0;0;0;36
76e5bea3c4541fc766a846f0c38cf2039d386777;2020-11-22T23_11_56.783Z;0;0;0;36
76e5bea3c4541fc766a846f0c38cf2039d386777;2020-11-22T23_11_58.286Z;0;0;0;36
76e5bea3c4541fc766a846f0c38cf2039d386777;2020-11-23T00_43_09.515Z;2;0;0;0
76e5bea3c4541fc766a846f0c38cf2039d386777;2020-11-23T03_05_43.916Z;2;0;0;0
76e5bea3c4541fc766a846f0c38cf2039d386777;2020-11-23T04_11_42.911Z;0;1;3;33
76e5bea3c4541fc766a846f0c38cf2039d386777;2020-11-23T18_38_41.861Z;0;3;4;32
76e5bea3c4541fc766a846f0c38cf2039d386777;2020-11-23T20_45_06.237Z;0;3;4;32
76e5bea3c4541fc766a846f0c38cf2039d386777;2020-11-23T22_38_21.672Z;0;0;0;13
76e5bea3c4541fc766a846f0c38cf2039d386777;2020-11-23T23_02_11.213Z;1;0;0;17
76e5bea3c4541fc766a846f0c38cf2039d386777;2020-11-24T02_01_47.806Z;0;0;0;17
76e5bea3c4541fc766a846f0c38cf2039d386777;2020-11-24T02_27_15.646Z;1;0;0;17
76e5bea3c4541fc766a846f0c38cf2039d386777;2020-11-24T03_02_01.424Z;1;0;0;17
76e5bea3c4541fc766a846f0c38cf2039d386777;2020-11-24T03_47_39.888Z;0;0;2;19
76e5bea3c4541fc766a846f0c38cf2039d386777;2020-11-24T05_03_09.717Z;0;0;0;21
76e5bea3c4541fc766a846f0c38cf2039d386777;2020-11-24T05_04_31.451Z;0;2;2;34
76e5bea3c4541fc766a846f0c38cf2039d386777;2020-11-25T05_31_46.423Z;0;0;6;30
76e5bea3c4541fc766a846f0c38cf2039d386777;2020-11-25T05_48_43.574Z;0;0;0;36
76e5bea3c4541fc766a846f0c38cf2039d386777;2020-11-25T06_08_45.195Z;1;0;0;17
76e5bea3c4541fc766a846f0c38cf2039d386777;2020-11-25T13_23_26.738Z;1;0;0;17
76e5bea3c4541fc766a846f0c38cf2039d386777;2020-11-25T21_03_13.554Z;1;0;0;17
76e5bea3c4541fc766a846f0c38cf2039d386777;2020-11-25T23_48_13.895Z;1;0;0;17
76e5bea3c4541fc766a846f0c38cf2039d386777;2020-11-26T00_02_09.409Z;0;0;0;36
76e5bea3c4541fc766a846f0c38cf2039d386777;2020-11-26T03_02_20.346Z;0;0;0;36
76e5bea3c4541fc766a846f0c38cf2039d386777;2020-11-26T03_15_11.851Z;0;0;0;36
76e5bea3c4541fc766a846f0c38cf2039d386777;2020-11-26T03_15_54.411Z;0;0;0;36
774cf3671ebe5091f067b093a88ad67c0d9c1f93;2020-11-25T17_45_58.776Z;0;0;0;36
774cf3671ebe5091f067b093a88ad67c0d9c1f93;2020-11-25T17_46_32.068Z;0;0;0;13
774cf3671ebe5091f067b093a88ad67c0d9c1f93;2020-11-25T21_28_29.290Z;1;0;0;17
774cf3671ebe5091f067b093a88ad67c0d9c1f93;2020-11-25T21_30_55.757Z;0;0;0;36
774cf3671ebe5091f067b093a88ad67c0d9c1f93;2020-11-25T22_03_50.264Z;0;0;0;36
774cf3671ebe5091f067b093a88ad67c0d9c1f93;2020-11-25T22_04_16.110Z;1;0;0;0
774cf3671ebe5091f067b093a88ad67c0d9c1f93;2020-11-25T22_08_00.083Z;0;6;17;19
774cf3671ebe5091f067b093a88ad67c0d9c1f93;2020-11-25T22_09_13.543Z;0;0;13;23
774cf3671ebe5091f067b093a88ad67c0d9c1f93;2020-11-25T22_24_50.342Z;0;0;13;23
774cf3671ebe5091f067b093a88ad67c0d9c1f93;2020-11-25T22_53_44.801Z;0;11;15;21
782609f05e6b3ee3cc234474e3e072029fc9a9db;2020-11-25T18_14_05.975Z;0;0;0;36
782609f05e6b3ee3cc234474e3e072029fc9a9db;2020-11-25T18_20_18.554Z;1;0;0;0
782609f05e6b3ee3cc234474e3e072029fc9a9db;2020-11-25T18_41_30.797Z;1;4;4;4
782609f05e6b3ee3cc234474e3e072029fc9a9db;2020-11-25T19_15_03.021Z;1;4;4;9
782609f05e6b3ee3cc234474e3e072029fc9a9db;2020-11-25T20_24_02.793Z;0;0;0;36
782609f05e6b3ee3cc234474e3e072029fc9a9db;2020-11-25T20_24_11.811Z;0;0;0;36
782609f05e6b3ee3cc234474e3e072029fc9a9db;2020-11-25T20_24_17.932Z;0;0;0;36
782609f05e6b3ee3cc234474e3e072029fc9a9db;2020-11-25T20_39_41.913Z;0;1;1;35
782609f05e6b3ee3cc234474e3e072029fc9a9db;2020-11-25T20_45_58.815Z;0;0;0;13
782609f05e6b3ee3cc234474e3e072029fc9a9db;2020-11-25T21_58_29.055Z;1;0;0;17
782609f05e6b3ee3cc234474e3e072029fc9a9db;2020-11-25T22_38_31.678Z;0;0;0;36
782609f05e6b3ee3cc234474e3e072029fc9a9db;2020-11-25T22_38_44.343Z;0;0;0;36
782609f05e6b3ee3cc234474e3e072029fc9a9db;2020-11-25T22_42_04.374Z;0;4;5;31
782609f05e6b3ee3cc234474e3e072029fc9a9db;2020-11-25T22_44_16.345Z;0;0;0;36
782609f05e6b3ee3cc234474e3e072029fc9a9db;2020-11-25T22_45_23.835Z;0;1;1;35
782609f05e6b3ee3cc234474e3e072029fc9a9db;2020-11-25T23_10_39.265Z;0;0;0;36
782609f05e6b3ee3cc234474e3e072029fc9a9db;2020-11-25T23_32_58.826Z;0;0;0;36
782609f05e6b3ee3cc234474e3e072029fc9a9db;2020-11-26T00_15_14.567Z;0;0;0;36
782609f05e6b3ee3cc234474e3e072029fc9a9db;2020-11-26T00_15_14.575Z;0;0;0;36
782609f05e6b3ee3cc234474e3e072029fc9a9db;2020-11-26T00_15_14.584Z;0;0;0;36
782609f05e6b3ee3cc234474e3e072029fc9a9db;2020-11-26T00_15_14.593Z;0;0;0;36
782609f05e6b3ee3cc234474e3e072029fc9a9db;2020-11-26T00_32_00.351Z;0;0;0;36
782609f05e6b3ee3cc234474e3e072029fc9a9db;2020-11-26T00_54_19.085Z;0;0;0;36
782609f05e6b3ee3cc234474e3e072029fc9a9db;2020-11-26T01_35_09.280Z;0;0;0;36
782609f05e6b3ee3cc234474e3e072029fc9a9db;2020-11-26T01_54_06.149Z;0;0;0;36
782609f05e6b3ee3cc234474e3e072029fc9a9db;2020-11-26T01_55_26.207Z;0;0;0;36
782609f05e6b3ee3cc234474e3e072029fc9a9db;2020-11-26T02_18_39.376Z;0;0;0;36
782609f05e6b3ee3cc234474e3e072029fc9a9db;2020-11-26T02_20_03.744Z;0;0;0;36
782609f05e6b3ee3cc234474e3e072029fc9a9db;2020-11-26T02_28_31.803Z;0;0;0;36
782609f05e6b3ee3cc234474e3e072029fc9a9db;2020-11-26T03_11_27.400Z;0;0;0;36
782609f05e6b3ee3cc234474e3e072029fc9a9db;2020-11-26T03_12_19.678Z;0;0;0;36
7898f7da218b0f5200fb859306a3262df425f955;2020-11-23T14_00_39.564Z;0;0;0;36
7898f7da218b0f5200fb859306a3262df425f955;2020-11-23T14_30_28.585Z;1;0;0;0
7898f7da218b0f5200fb859306a3262df425f955;2020-11-23T14_31_02.509Z;1;0;0;0
7898f7da218b0f5200fb859306a3262df425f955;2020-11-23T14_32_11.671Z;0;0;0;13
7898f7da218b0f5200fb859306a3262df425f955;2020-11-23T14_32_36.383Z;0;0;0;17
7898f7da218b0f5200fb859306a3262df425f955;2020-11-23T14_49_45.103Z;0;0;13;23
7898f7da218b0f5200fb859306a3262df425f955;2020-11-23T14_56_14.159Z;0;12;16;20
7898f7da218b0f5200fb859306a3262df425f955;2020-11-23T19_57_12.463Z;0;5;9;27
7898f7da218b0f5200fb859306a3262df425f955;2020-11-23T21_00_53.108Z;0;5;9;27
7898f7da218b0f5200fb859306a3262df425f955;2020-11-23T21_45_00.964Z;0;5;9;27
7898f7da218b0f5200fb859306a3262df425f955;2020-11-23T22_27_43.078Z;0;3;9;27
7898f7da218b0f5200fb859306a3262df425f955;2020-11-23T23_19_09.302Z;1;0;0;17
7898f7da218b0f5200fb859306a3262df425f955;2020-11-24T15_27_23.553Z;0;4;8;28
7898f7da218b0f5200fb859306a3262df425f955;2020-11-24T15_44_24.913Z;0;1;1;35
7898f7da218b0f5200fb859306a3262df425f955;2020-11-24T16_09_34.900Z;0;0;0;36
7898f7da218b0f5200fb859306a3262df425f955;2020-11-24T16_35_51.433Z;0;4;8;28
7898f7da218b0f5200fb859306a3262df425f955;2020-11-25T16_39_20.851Z;0;4;8;28
7898f7da218b0f5200fb859306a3262df425f955;2020-11-25T16_49_48.408Z;0;1;1;35
7898f7da218b0f5200fb859306a3262df425f955;2020-11-25T17_30_11.080Z;0;0;4;32
7898f7da218b0f5200fb859306a3262df425f955;2020-11-25T17_48_27.779Z;0;0;4;32
7898f7da218b0f5200fb859306a3262df425f955;2020-11-25T17_55_26.821Z;1;0;0;17
7898f7da218b0f5200fb859306a3262df425f955;2020-11-25T20_08_02.849Z;0;0;4;32
7898f7da218b0f5200fb859306a3262df425f955;2020-11-25T20_33_05.910Z;0;0;0;36
7898f7da218b0f5200fb859306a3262df425f955;2020-11-25T20_42_55.460Z;0;0;0;36
7898f7da218b0f5200fb859306a3262df425f955;2020-11-25T20_58_33.057Z;0;0;0;36
7898f7da218b0f5200fb859306a3262df425f955;2020-11-25T21_06_09.291Z;0;0;0;36
7a42f9b84fd3650124336c71bb93e1a69d8185ca;2020-11-16T22_59_17.533Z;0;0;0;36
7a42f9b84fd3650124336c71bb93e1a69d8185ca;2020-11-16T23_00_14.774Z;1;0;0;0
7a42f9b84fd3650124336c71bb93e1a69d8185ca;2020-11-16T23_00_25.396Z;0;0;0;13
7a42f9b84fd3650124336c71bb93e1a69d8185ca;2020-11-16T23_04_31.965Z;0;0;13;23
7a42f9b84fd3650124336c71bb93e1a69d8185ca;2020-11-16T23_04_44.861Z;0;0;15;21
7a42f9b84fd3650124336c71bb93e1a69d8185ca;2020-11-16T23_18_46.691Z;0;0;0;36
7a42f9b84fd3650124336c71bb93e1a69d8185ca;2020-11-16T23_27_06.369Z;0;0;0;36
7a42f9b84fd3650124336c71bb93e1a69d8185ca;2020-11-16T23_49_06.084Z;0;1;10;26
7a42f9b84fd3650124336c71bb93e1a69d8185ca;2020-11-17T02_23_44.819Z;2;0;0;0
7a42f9b84fd3650124336c71bb93e1a69d8185ca;2020-11-17T03_14_25.074Z;0;1;10;26
7a42f9b84fd3650124336c71bb93e1a69d8185ca;2020-11-18T04_36_58.435Z;0;1;4;32
7a42f9b84fd3650124336c71bb93e1a69d8185ca;2020-11-18T16_17_24.874Z;0;1;4;32
7a42f9b84fd3650124336c71bb93e1a69d8185ca;2020-11-18T22_40_54.844Z;2;0;0;0
7a42f9b84fd3650124336c71bb93e1a69d8185ca;2020-11-18T22_41_01.178Z;0;0;0;36
7a42f9b84fd3650124336c71bb93e1a69d8185ca;2020-11-18T22_41_27.443Z;0;0;0;36
7a42f9b84fd3650124336c71bb93e1a69d8185ca;2020-11-19T13_37_51.319Z;0;1;4;32
7a42f9b84fd3650124336c71bb93e1a69d8185ca;2020-11-19T22_58_16.516Z;0;0;0;36
7a42f9b84fd3650124336c71bb93e1a69d8185ca;2020-11-19T22_58_16.525Z;0;0;0;36
7a42f9b84fd3650124336c71bb93e1a69d8185ca;2020-11-19T22_58_16.534Z;0;0;0;36
7a42f9b84fd3650124336c71bb93e1a69d8185ca;2020-11-19T22_58_16.542Z;0;0;13;23
7a42f9b84fd3650124336c71bb93e1a69d8185ca;2020-11-19T23_30_05.199Z;0;1;3;33
7a42f9b84fd3650124336c71bb93e1a69d8185ca;2020-11-19T23_58_22.776Z;0;1;3;33
7a42f9b84fd3650124336c71bb93e1a69d8185ca;2020-11-22T21_09_24.455Z;0;0;0;36
7a42f9b84fd3650124336c71bb93e1a69d8185ca;2020-11-22T21_09_24.466Z;0;1;3;33
7a42f9b84fd3650124336c71bb93e1a69d8185ca;2020-11-22T22_03_37.217Z;1;0;0;17
7a42f9b84fd3650124336c71bb93e1a69d8185ca;2020-11-22T23_11_41.362Z;0;0;11;25
7a42f9b84fd3650124336c71bb93e1a69d8185ca;2020-11-22T23_29_27.073Z;1;0;0;17
7a42f9b84fd3650124336c71bb93e1a69d8185ca;2020-11-23T16_51_54.989Z;0;0;2;34
7a42f9b84fd3650124336c71bb93e1a69d8185ca;2020-11-23T17_09_15.457Z;0;0;0;36
7a42f9b84fd3650124336c71bb93e1a69d8185ca;2020-11-23T17_13_47.669Z;0;0;0;36
7a42f9b84fd3650124336c71bb93e1a69d8185ca;2020-11-24T03_36_41.174Z;0;0;0;36
7a42f9b84fd3650124336c71bb93e1a69d8185ca;2020-11-24T03_48_09.008Z;0;0;0;36
7a42f9b84fd3650124336c71bb93e1a69d8185ca;2020-11-24T03_55_29.350Z;0;0;0;36
7a9afe398c11e435a6d7fd72619249adeb381e2f;2020-11-16T18_09_23.914Z;1;0;0;0
7a9afe398c11e435a6d7fd72619249adeb381e2f;2020-11-16T18_19_12.558Z;2;0;0;0
7a9afe398c11e435a6d7fd72619249adeb381e2f;2020-11-23T14_24_31.529Z;0;0;0;13
7a9afe398c11e435a6d7fd72619249adeb381e2f;2020-11-23T14_28_24.499Z;0;0;14;22
7a9afe398c11e435a6d7fd72619249adeb381e2f;2020-11-23T14_29_37.473Z;0;18;18;18
7a9afe398c11e435a6d7fd72619249adeb381e2f;2020-11-24T15_13_33.185Z;0;4;4;32
7a9afe398c11e435a6d7fd72619249adeb381e2f;2020-11-24T15_35_29.896Z;0;0;14;22
7a9afe398c11e435a6d7fd72619249adeb381e2f;2020-11-24T22_16_42.659Z;0;1;7;29
7a9afe398c11e435a6d7fd72619249adeb381e2f;2020-11-25T13_56_52.092Z;0;1;1;35
7a9afe398c11e435a6d7fd72619249adeb381e2f;2020-11-25T14_13_41.426Z;0;1;1;35
7a9afe398c11e435a6d7fd72619249adeb381e2f;2020-11-25T14_26_29.748Z;0;3;3;33
7a9afe398c11e435a6d7fd72619249adeb381e2f;2020-11-25T14_45_33.402Z;0;1;1;35
7a9afe398c11e435a6d7fd72619249adeb381e2f;2020-11-25T14_58_46.376Z;0;0;0;36
7a9afe398c11e435a6d7fd72619249adeb381e2f;2020-11-25T15_03_16.938Z;0;0;0;36
7adfe8a8f2ce49fabe8772d2c7d7deca8749b914;2020-11-23T04_13_58.827Z;0;0;0;36
7adfe8a8f2ce49fabe8772d2c7d7deca8749b914;2020-11-23T04_14_17.550Z;1;0;0;0
7adfe8a8f2ce49fabe8772d2c7d7deca8749b914;2020-11-23T04_15_45.334Z;0;6;17;19
7adfe8a8f2ce49fabe8772d2c7d7deca8749b914;2020-11-23T04_16_37.964Z;0;0;0;13
7adfe8a8f2ce49fabe8772d2c7d7deca8749b914;2020-11-23T04_23_21.810Z;1;0;0;17
7adfe8a8f2ce49fabe8772d2c7d7deca8749b914;2020-11-23T04_33_39.367Z;0;6;17;19
7adfe8a8f2ce49fabe8772d2c7d7deca8749b914;2020-11-23T04_56_20.370Z;1;0;0;0
7adfe8a8f2ce49fabe8772d2c7d7deca8749b914;2020-11-23T04_56_27.449Z;0;0;0;13
7adfe8a8f2ce49fabe8772d2c7d7deca8749b914;2020-11-25T00_23_41.713Z;2;0;0;0
7adfe8a8f2ce49fabe8772d2c7d7deca8749b914;2020-11-25T01_32_46.260Z;0;0;0;36
7adfe8a8f2ce49fabe8772d2c7d7deca8749b914;2020-11-25T01_32_48.343Z;0;0;0;36
7adfe8a8f2ce49fabe8772d2c7d7deca8749b914;2020-11-25T01_33_04.008Z;0;0;0;36
7adfe8a8f2ce49fabe8772d2c7d7deca8749b914;2020-11-25T01_33_06.624Z;0;0;0;36
7adfe8a8f2ce49fabe8772d2c7d7deca8749b914;2020-11-25T01_33_08.805Z;0;0;0;36
7adfe8a8f2ce49fabe8772d2c7d7deca8749b914;2020-11-25T02_15_23.533Z;0;5;5;31
7adfe8a8f2ce49fabe8772d2c7d7deca8749b914;2020-11-25T02_58_13.275Z;0;0;0;36
7adfe8a8f2ce49fabe8772d2c7d7deca8749b914;2020-11-25T03_30_48.147Z;1;0;0;17
7adfe8a8f2ce49fabe8772d2c7d7deca8749b914;2020-11-25T03_46_17.050Z;1;0;0;17
7adfe8a8f2ce49fabe8772d2c7d7deca8749b914;2020-11-25T17_55_31.138Z;1;0;0;17
7adfe8a8f2ce49fabe8772d2c7d7deca8749b914;2020-11-25T18_44_09.638Z;1;0;0;17
7adfe8a8f2ce49fabe8772d2c7d7deca8749b914;2020-11-25T19_45_01.244Z;1;0;0;17
7adfe8a8f2ce49fabe8772d2c7d7deca8749b914;2020-11-25T20_39_59.675Z;1;0;0;17
7adfe8a8f2ce49fabe8772d2c7d7deca8749b914;2020-11-25T21_41_58.751Z;0;0;0;36
7adfe8a8f2ce49fabe8772d2c7d7deca8749b914;2020-11-25T22_01_21.453Z;1;0;0;17
7adfe8a8f2ce49fabe8772d2c7d7deca8749b914;2020-11-25T22_20_20.026Z;0;1;4;32
7adfe8a8f2ce49fabe8772d2c7d7deca8749b914;2020-11-25T22_55_54.350Z;0;0;0;36
7adfe8a8f2ce49fabe8772d2c7d7deca8749b914;2020-11-25T23_03_57.583Z;0;0;0;36
7adfe8a8f2ce49fabe8772d2c7d7deca8749b914;2020-11-25T23_06_59.783Z;0;0;0;36
7adfe8a8f2ce49fabe8772d2c7d7deca8749b914;2020-11-25T23_07_15.860Z;0;0;0;36
7adfe8a8f2ce49fabe8772d2c7d7deca8749b914;2020-11-25T23_13_04.416Z;0;0;0;36
7adfe8a8f2ce49fabe8772d2c7d7deca8749b914;2020-11-25T23_23_16.396Z;0;0;0;36
7adfe8a8f2ce49fabe8772d2c7d7deca8749b914;2020-11-25T23_39_45.162Z;0;0;0;36
7adfe8a8f2ce49fabe8772d2c7d7deca8749b914;2020-11-25T23_40_46.301Z;0;0;0;36
7b882877d83362844ed860059e5e2274b5e1aa6a;2020-11-15T18_40_33.153Z;1;0;0;0
7b882877d83362844ed860059e5e2274b5e1aa6a;2020-11-15T18_43_22.343Z;2;0;0;0
7b882877d83362844ed860059e5e2274b5e1aa6a;2020-11-15T19_38_01.146Z;1;8;12;1
7b882877d83362844ed860059e5e2274b5e1aa6a;2020-11-15T19_38_45.913Z;0;0;0;36
7b882877d83362844ed860059e5e2274b5e1aa6a;2020-11-15T19_43_24.644Z;0;0;0;13
7b882877d83362844ed860059e5e2274b5e1aa6a;2020-11-15T19_48_03.427Z;0;0;13;23
7b882877d83362844ed860059e5e2274b5e1aa6a;2020-11-15T19_51_21.306Z;2;0;0;0
7b882877d83362844ed860059e5e2274b5e1aa6a;2020-11-15T23_30_43.134Z;0;12;12;24
7b882877d83362844ed860059e5e2274b5e1aa6a;2020-11-16T00_00_59.357Z;0;1;14;22
7b882877d83362844ed860059e5e2274b5e1aa6a;2020-11-16T01_10_03.081Z;0;1;14;22
7b882877d83362844ed860059e5e2274b5e1aa6a;2020-11-16T22_03_31.630Z;0;1;6;30
7b882877d83362844ed860059e5e2274b5e1aa6a;2020-11-17T22_05_45.087Z;0;0;0;36
7b882877d83362844ed860059e5e2274b5e1aa6a;2020-11-17T22_34_27.622Z;0;0;0;36
7b882877d83362844ed860059e5e2274b5e1aa6a;2020-11-17T22_42_08.784Z;1;0;0;17
7b882877d83362844ed860059e5e2274b5e1aa6a;2020-11-17T23_00_37.638Z;0;0;0;36
7b882877d83362844ed860059e5e2274b5e1aa6a;2020-11-17T23_05_00.985Z;1;0;0;17
7b882877d83362844ed860059e5e2274b5e1aa6a;2020-11-17T23_37_45.383Z;0;0;10;24
7b882877d83362844ed860059e5e2274b5e1aa6a;2020-11-18T00_11_34.583Z;0;0;0;36
7b882877d83362844ed860059e5e2274b5e1aa6a;2020-11-18T00_11_34.593Z;0;0;0;36
7b882877d83362844ed860059e5e2274b5e1aa6a;2020-11-18T00_11_34.600Z;0;0;0;36
7b882877d83362844ed860059e5e2274b5e1aa6a;2020-11-18T00_35_33.743Z;0;1;8;28
7b882877d83362844ed860059e5e2274b5e1aa6a;2020-11-19T17_58_01.457Z;1;0;0;17
7b882877d83362844ed860059e5e2274b5e1aa6a;2020-11-19T23_46_04.209Z;0;0;6;30
7b882877d83362844ed860059e5e2274b5e1aa6a;2020-11-20T00_35_10.288Z;0;2;6;30
7b882877d83362844ed860059e5e2274b5e1aa6a;2020-11-20T01_13_25.822Z;0;0;0;36
7b882877d83362844ed860059e5e2274b5e1aa6a;2020-11-20T01_19_19.872Z;0;1;4;32
7b882877d83362844ed860059e5e2274b5e1aa6a;2020-11-25T06_05_30.804Z;0;0;0;36
7b882877d83362844ed860059e5e2274b5e1aa6a;2020-11-25T17_56_57.389Z;0;0;0;36
7b882877d83362844ed860059e5e2274b5e1aa6a;2020-11-25T20_55_41.811Z;0;0;0;36
7b882877d83362844ed860059e5e2274b5e1aa6a;2020-11-25T21_01_07.821Z;0;0;0;36
7b882877d83362844ed860059e5e2274b5e1aa6a;2020-11-25T21_28_56.990Z;0;0;0;36
7b882877d83362844ed860059e5e2274b5e1aa6a;2020-11-25T21_29_44.619Z;0;0;0;36
7b882877d83362844ed860059e5e2274b5e1aa6a;2020-11-25T21_43_05.474Z;0;0;0;36
7b882877d83362844ed860059e5e2274b5e1aa6a;2020-11-26T01_49_33.077Z;0;0;0;36
7c8aacb1a1b8db047ada8a5e719c07f94ba911c0;2020-11-22T14_53_31.018Z;1;0;0;0
7c8aacb1a1b8db047ada8a5e719c07f94ba911c0;2020-11-22T15_21_26.029Z;0;11;15;21
7c8aacb1a1b8db047ada8a5e719c07f94ba911c0;2020-11-23T21_51_48.198Z;0;11;11;25
7c8aacb1a1b8db047ada8a5e719c07f94ba911c0;2020-11-23T22_21_40.675Z;0;0;0;13
7c8aacb1a1b8db047ada8a5e719c07f94ba911c0;2020-11-23T22_24_26.509Z;0;0;13;23
7c8aacb1a1b8db047ada8a5e719c07f94ba911c0;2020-11-23T23_06_09.624Z;0;0;6;30
7c8aacb1a1b8db047ada8a5e719c07f94ba911c0;2020-11-24T00_18_33.449Z;0;0;5;31
7c8aacb1a1b8db047ada8a5e719c07f94ba911c0;2020-11-24T00_36_53.360Z;0;0;5;31
7c8aacb1a1b8db047ada8a5e719c07f94ba911c0;2020-11-24T02_56_30.926Z;0;0;5;31
7c8aacb1a1b8db047ada8a5e719c07f94ba911c0;2020-11-24T03_52_44.920Z;0;0;1;35
7c8aacb1a1b8db047ada8a5e719c07f94ba911c0;2020-11-24T04_13_19.113Z;0;0;1;35
7c8aacb1a1b8db047ada8a5e719c07f94ba911c0;2020-11-24T04_39_55.179Z;0;0;13;23
7c8aacb1a1b8db047ada8a5e719c07f94ba911c0;2020-11-24T19_19_40.477Z;0;0;13;23
7c8aacb1a1b8db047ada8a5e719c07f94ba911c0;2020-11-24T21_24_31.535Z;0;0;6;30
7c8aacb1a1b8db047ada8a5e719c07f94ba911c0;2020-11-24T21_48_48.353Z;0;0;4;32
7c8aacb1a1b8db047ada8a5e719c07f94ba911c0;2020-11-25T03_11_10.910Z;0;0;4;32
7c8aacb1a1b8db047ada8a5e719c07f94ba911c0;2020-11-25T21_27_12.661Z;0;0;4;32
7c8aacb1a1b8db047ada8a5e719c07f94ba911c0;2020-11-25T22_11_05.021Z;0;0;3;33
7c8aacb1a1b8db047ada8a5e719c07f94ba911c0;2020-11-25T22_47_38.195Z;0;0;0;36
7c8aacb1a1b8db047ada8a5e719c07f94ba911c0;2020-11-26T00_02_33.280Z;0;0;0;36
7c8aacb1a1b8db047ada8a5e719c07f94ba911c0;2020-11-26T00_10_34.126Z;0;0;0;36
7c8aacb1a1b8db047ada8a5e719c07f94ba911c0;2020-11-26T00_18_51.686Z;0;0;0;36
7d0d034b66e61ddcb7f9c81b42fa9d6c790e2fe1;2020-11-16T06_43_21.052Z;0;0;0;36
7d0d034b66e61ddcb7f9c81b42fa9d6c790e2fe1;2020-11-16T06_43_28.868Z;0;0;0;36
7d0d034b66e61ddcb7f9c81b42fa9d6c790e2fe1;2020-11-16T06_44_35.804Z;1;0;0;0
7d0d034b66e61ddcb7f9c81b42fa9d6c790e2fe1;2020-11-16T06_47_01.102Z;0;0;0;13
7d0d034b66e61ddcb7f9c81b42fa9d6c790e2fe1;2020-11-16T06_51_11.972Z;0;0;13;23
7d0d034b66e61ddcb7f9c81b42fa9d6c790e2fe1;2020-11-16T06_51_35.940Z;0;6;17;19
7d0d034b66e61ddcb7f9c81b42fa9d6c790e2fe1;2020-11-16T07_19_47.971Z;1;4;4;0
7d0d034b66e61ddcb7f9c81b42fa9d6c790e2fe1;2020-11-16T07_51_09.530Z;0;7;14;22
7d0d034b66e61ddcb7f9c81b42fa9d6c790e2fe1;2020-11-16T08_13_46.402Z;0;9;13;23
7d0d034b66e61ddcb7f9c81b42fa9d6c790e2fe1;2020-11-17T11_21_59.730Z;0;9;9;27
7d0d034b66e61ddcb7f9c81b42fa9d6c790e2fe1;2020-11-17T11_44_33.922Z;0;9;9;27
7d0d034b66e61ddcb7f9c81b42fa9d6c790e2fe1;2020-11-17T11_45_36.202Z;1;0;0;17
7d0d034b66e61ddcb7f9c81b42fa9d6c790e2fe1;2020-11-17T12_28_12.568Z;0;0;13;23
7d0d034b66e61ddcb7f9c81b42fa9d6c790e2fe1;2020-11-18T07_10_14.817Z;0;1;13;23
7d0d034b66e61ddcb7f9c81b42fa9d6c790e2fe1;2020-11-18T11_16_07.781Z;0;1;13;23
7d0d034b66e61ddcb7f9c81b42fa9d6c790e2fe1;2020-11-18T11_58_08.905Z;1;0;0;17
7d0d034b66e61ddcb7f9c81b42fa9d6c790e2fe1;2020-11-18T12_17_39.306Z;0;3;9;27
7d0d034b66e61ddcb7f9c81b42fa9d6c790e2fe1;2020-11-18T12_41_11.764Z;0;5;9;27
7d0d034b66e61ddcb7f9c81b42fa9d6c790e2fe1;2020-11-19T11_08_31.715Z;0;5;5;31
7d0d034b66e61ddcb7f9c81b42fa9d6c790e2fe1;2020-11-19T11_30_19.083Z;0;5;7;29
7d0d034b66e61ddcb7f9c81b42fa9d6c790e2fe1;2020-11-19T11_43_23.971Z;0;9;9;27
7d0d034b66e61ddcb7f9c81b42fa9d6c790e2fe1;2020-11-19T11_58_36.778Z;0;2;2;34
7d0d034b66e61ddcb7f9c81b42fa9d6c790e2fe1;2020-11-19T12_09_53.898Z;0;3;3;33
7d0d034b66e61ddcb7f9c81b42fa9d6c790e2fe1;2020-11-19T12_29_09.342Z;0;0;0;36
7d0d034b66e61ddcb7f9c81b42fa9d6c790e2fe1;2020-11-19T12_29_09.350Z;0;0;0;36
7d0d034b66e61ddcb7f9c81b42fa9d6c790e2fe1;2020-11-19T12_29_09.360Z;0;0;0;36
7d0d034b66e61ddcb7f9c81b42fa9d6c790e2fe1;2020-11-19T12_29_09.368Z;0;0;0;36
7dec407a0a131855a9137b0e04a6cc5b9cb8af66;2020-11-16T21_13_21.114Z;0;0;0;36
7dec407a0a131855a9137b0e04a6cc5b9cb8af66;2020-11-16T21_13_53.309Z;0;0;0;36
7dec407a0a131855a9137b0e04a6cc5b9cb8af66;2020-11-16T21_14_39.770Z;0;0;0;36
7dec407a0a131855a9137b0e04a6cc5b9cb8af66;2020-11-17T00_28_47.285Z;1;0;0;0
7dec407a0a131855a9137b0e04a6cc5b9cb8af66;2020-11-17T00_29_45.053Z;0;0;0;36
7dec407a0a131855a9137b0e04a6cc5b9cb8af66;2020-11-17T00_29_45.063Z;0;0;0;36
7dec407a0a131855a9137b0e04a6cc5b9cb8af66;2020-11-17T00_29_45.072Z;0;0;0;36
7dec407a0a131855a9137b0e04a6cc5b9cb8af66;2020-11-17T00_30_17.715Z;0;12;12;24
7dec407a0a131855a9137b0e04a6cc5b9cb8af66;2020-11-17T03_02_14.453Z;0;0;0;13
7dec407a0a131855a9137b0e04a6cc5b9cb8af66;2020-11-17T03_02_32.274Z;0;12;12;24
7dec407a0a131855a9137b0e04a6cc5b9cb8af66;2020-11-17T03_02_32.282Z;0;0;0;36
7dec407a0a131855a9137b0e04a6cc5b9cb8af66;2020-11-17T03_03_22.098Z;0;0;13;23
7dec407a0a131855a9137b0e04a6cc5b9cb8af66;2020-11-23T01_36_47.109Z;0;3;9;27
7dec407a0a131855a9137b0e04a6cc5b9cb8af66;2020-11-23T01_37_01.529Z;0;12;12;24
7dec407a0a131855a9137b0e04a6cc5b9cb8af66;2020-11-24T05_23_17.555Z;0;3;9;27
7dec407a0a131855a9137b0e04a6cc5b9cb8af66;2020-11-24T05_29_21.376Z;0;1;5;31
7dec407a0a131855a9137b0e04a6cc5b9cb8af66;2020-11-24T06_40_38.772Z;0;1;1;35
7dec407a0a131855a9137b0e04a6cc5b9cb8af66;2020-11-24T21_35_57.991Z;0;0;0;36
7dec407a0a131855a9137b0e04a6cc5b9cb8af66;2020-11-24T21_36_11.174Z;0;1;7;29
7dec407a0a131855a9137b0e04a6cc5b9cb8af66;2020-11-25T00_53_26.764Z;0;2;2;34
7dec407a0a131855a9137b0e04a6cc5b9cb8af66;2020-11-25T00_53_26.772Z;0;0;0;36
7dec407a0a131855a9137b0e04a6cc5b9cb8af66;2020-11-25T01_30_52.954Z;0;0;0;36
7dec407a0a131855a9137b0e04a6cc5b9cb8af66;2020-11-25T01_30_52.968Z;0;0;0;36
7dec407a0a131855a9137b0e04a6cc5b9cb8af66;2020-11-25T03_02_49.177Z;0;0;0;36
7dec407a0a131855a9137b0e04a6cc5b9cb8af66;2020-11-25T05_20_01.447Z;0;0;0;36
7dec407a0a131855a9137b0e04a6cc5b9cb8af66;2020-11-25T05_33_25.075Z;0;0;0;36
7dec407a0a131855a9137b0e04a6cc5b9cb8af66;2020-11-25T23_24_48.849Z;0;0;0;36
7dec407a0a131855a9137b0e04a6cc5b9cb8af66;2020-11-25T23_59_40.211Z;0;0;0;36
7dec407a0a131855a9137b0e04a6cc5b9cb8af66;2020-11-25T23_59_40.223Z;0;0;0;36
80ef8b175906556768725249bfe6689efaefc880;2020-11-23T23_45_13.759Z;0;0;0;36
80ef8b175906556768725249bfe6689efaefc880;2020-11-23T23_46_02.686Z;0;0;0;36
80ef8b175906556768725249bfe6689efaefc880;2020-11-23T23_46_30.423Z;0;0;0;36
80ef8b175906556768725249bfe6689efaefc880;2020-11-23T23_47_00.266Z;0;0;0;36
80ef8b175906556768725249bfe6689efaefc880;2020-11-24T00_59_47.474Z;2;0;0;0
80ef8b175906556768725249bfe6689efaefc880;2020-11-24T01_56_01.701Z;2;0;0;0
80ef8b175906556768725249bfe6689efaefc880;2020-11-24T20_20_36.632Z;2;0;0;0
80ef8b175906556768725249bfe6689efaefc880;2020-11-24T20_42_16.280Z;2;0;0;0
80ef8b175906556768725249bfe6689efaefc880;2020-11-24T21_30_21.740Z;2;0;0;0
80ef8b175906556768725249bfe6689efaefc880;2020-11-24T21_31_41.942Z;1;0;0;17
80ef8b175906556768725249bfe6689efaefc880;2020-11-24T21_34_28.479Z;1;0;0;17
80ef8b175906556768725249bfe6689efaefc880;2020-11-24T22_43_11.437Z;0;0;13;23
80ef8b175906556768725249bfe6689efaefc880;2020-11-24T22_47_14.457Z;0;16;18;18
80ef8b175906556768725249bfe6689efaefc880;2020-11-24T23_45_55.848Z;0;0;5;31
80ef8b175906556768725249bfe6689efaefc880;2020-11-25T01_16_13.323Z;0;0;5;31
80ef8b175906556768725249bfe6689efaefc880;2020-11-25T01_58_00.546Z;1;0;0;17
80ef8b175906556768725249bfe6689efaefc880;2020-11-25T02_18_07.106Z;1;0;0;17
80ef8b175906556768725249bfe6689efaefc880;2020-11-25T22_35_31.769Z;1;0;0;17
80ef8b175906556768725249bfe6689efaefc880;2020-11-25T23_02_16.471Z;1;0;0;17
80ef8b175906556768725249bfe6689efaefc880;2020-11-26T00_44_56.097Z;1;0;0;17
80ef8b175906556768725249bfe6689efaefc880;2020-11-26T01_11_44.846Z;1;0;0;17
80ef8b175906556768725249bfe6689efaefc880;2020-11-26T04_34_51.379Z;1;0;0;17
8104778b1bd1b77512ff9909d781ad3440108d84;2020-11-26T01_36_15.939Z;0;0;0;36
8104778b1bd1b77512ff9909d781ad3440108d84;2020-11-26T01_51_58.428Z;0;0;0;36
8104778b1bd1b77512ff9909d781ad3440108d84;2020-11-26T05_18_23.868Z;0;0;0;36
81db814e40730e5f149c4c26551a6f86ce1b8e64;2020-11-25T15_01_48.048Z;1;0;0;0
81db814e40730e5f149c4c26551a6f86ce1b8e64;2020-11-25T15_05_36.792Z;0;0;0;13
81db814e40730e5f149c4c26551a6f86ce1b8e64;2020-11-25T15_09_11.327Z;0;0;13;23
81db814e40730e5f149c4c26551a6f86ce1b8e64;2020-11-25T15_09_21.995Z;0;6;17;19
81db814e40730e5f149c4c26551a6f86ce1b8e64;2020-11-25T15_39_56.089Z;2;0;0;0
81db814e40730e5f149c4c26551a6f86ce1b8e64;2020-11-25T16_48_07.531Z;0;6;11;25
81db814e40730e5f149c4c26551a6f86ce1b8e64;2020-11-25T18_37_00.098Z;0;0;0;36
81db814e40730e5f149c4c26551a6f86ce1b8e64;2020-11-25T20_02_12.586Z;1;0;0;17
81db814e40730e5f149c4c26551a6f86ce1b8e64;2020-11-25T23_06_43.279Z;0;2;2;34
81db814e40730e5f149c4c26551a6f86ce1b8e64;2020-11-25T23_57_14.935Z;0;0;0;36
81db814e40730e5f149c4c26551a6f86ce1b8e64;2020-11-26T00_19_18.164Z;0;0;0;36
81db814e40730e5f149c4c26551a6f86ce1b8e64;2020-11-26T00_26_05.346Z;0;0;0;36
82090777057e5b8418e4c209a20c2928997d24cb;2020-11-18T20_32_04.176Z;0;0;0;36
82090777057e5b8418e4c209a20c2928997d24cb;2020-11-18T20_32_05.227Z;0;0;0;36
82090777057e5b8418e4c209a20c2928997d24cb;2020-11-18T20_32_08.857Z;0;0;0;36
82090777057e5b8418e4c209a20c2928997d24cb;2020-11-18T20_54_41.868Z;1;0;0;0
82090777057e5b8418e4c209a20c2928997d24cb;2020-11-18T20_54_52.155Z;0;0;0;13
82090777057e5b8418e4c209a20c2928997d24cb;2020-11-18T20_58_21.185Z;0;0;13;23
82090777057e5b8418e4c209a20c2928997d24cb;2020-11-18T20_59_37.983Z;1;4;8;1
82090777057e5b8418e4c209a20c2928997d24cb;2020-11-18T21_00_57.491Z;0;0;0;36
82090777057e5b8418e4c209a20c2928997d24cb;2020-11-19T01_58_23.027Z;0;0;13;23
82090777057e5b8418e4c209a20c2928997d24cb;2020-11-19T01_59_55.727Z;1;4;8;1
82090777057e5b8418e4c209a20c2928997d24cb;2020-11-19T02_59_35.446Z;0;12;13;23
82090777057e5b8418e4c209a20c2928997d24cb;2020-11-23T20_13_01.454Z;0;0;0;36
82090777057e5b8418e4c209a20c2928997d24cb;2020-11-23T20_13_53.155Z;0;15;16;20
82090777057e5b8418e4c209a20c2928997d24cb;2020-11-23T20_40_30.212Z;0;1;7;29
82090777057e5b8418e4c209a20c2928997d24cb;2020-11-23T21_44_53.667Z;0;0;0;36
82090777057e5b8418e4c209a20c2928997d24cb;2020-11-23T21_46_39.780Z;1;0;0;17
82090777057e5b8418e4c209a20c2928997d24cb;2020-11-23T22_20_39.171Z;0;0;0;36
82090777057e5b8418e4c209a20c2928997d24cb;2020-11-23T22_20_39.181Z;0;0;0;36
82090777057e5b8418e4c209a20c2928997d24cb;2020-11-23T22_20_39.192Z;0;0;0;36
82090777057e5b8418e4c209a20c2928997d24cb;2020-11-23T22_20_39.201Z;0;0;0;36
82090777057e5b8418e4c209a20c2928997d24cb;2020-11-23T22_22_05.632Z;1;0;0;17
82090777057e5b8418e4c209a20c2928997d24cb;2020-11-23T22_38_10.927Z;0;0;13;23
82090777057e5b8418e4c209a20c2928997d24cb;2020-11-24T02_04_11.065Z;0;0;0;36
82090777057e5b8418e4c209a20c2928997d24cb;2020-11-24T02_44_45.910Z;0;0;6;30
82090777057e5b8418e4c209a20c2928997d24cb;2020-11-24T03_26_57.195Z;0;2;2;34
82090777057e5b8418e4c209a20c2928997d24cb;2020-11-24T13_38_44.472Z;0;2;2;34
82090777057e5b8418e4c209a20c2928997d24cb;2020-11-24T13_38_44.481Z;0;0;0;36
82090777057e5b8418e4c209a20c2928997d24cb;2020-11-24T13_38_44.487Z;0;0;0;36
82090777057e5b8418e4c209a20c2928997d24cb;2020-11-24T20_04_43.422Z;0;2;2;34
82090777057e5b8418e4c209a20c2928997d24cb;2020-11-24T21_08_45.745Z;0;0;0;36
82090777057e5b8418e4c209a20c2928997d24cb;2020-11-27T17_21_30.025Z;0;0;0;36
82090777057e5b8418e4c209a20c2928997d24cb;2020-11-27T17_21_47.494Z;0;0;0;36
82090777057e5b8418e4c209a20c2928997d24cb;2020-11-27T19_07_21.834Z;0;0;0;36
82090777057e5b8418e4c209a20c2928997d24cb;2020-11-27T20_54_12.272Z;0;0;0;36
82090777057e5b8418e4c209a20c2928997d24cb;2020-11-27T21_30_02.228Z;0;0;0;36
82090777057e5b8418e4c209a20c2928997d24cb;2020-11-27T21_33_24.341Z;0;0;0;36
8234cafa4dcd18c5bee3c95c4e76811026ea6a53;2020-11-17T23_21_36.981Z;1;0;0;0
8234cafa4dcd18c5bee3c95c4e76811026ea6a53;2020-11-17T23_33_07.891Z;2;0;0;0
8234cafa4dcd18c5bee3c95c4e76811026ea6a53;2020-11-18T19_06_30.198Z;2;0;0;0
8234cafa4dcd18c5bee3c95c4e76811026ea6a53;2020-11-18T19_28_48.752Z;0;0;0;13
8234cafa4dcd18c5bee3c95c4e76811026ea6a53;2020-11-18T19_30_44.983Z;0;0;13;23
8234cafa4dcd18c5bee3c95c4e76811026ea6a53;2020-11-18T19_57_42.860Z;0;0;5;31
8234cafa4dcd18c5bee3c95c4e76811026ea6a53;2020-11-19T22_11_31.441Z;2;0;0;0
8234cafa4dcd18c5bee3c95c4e76811026ea6a53;2020-11-20T15_35_58.814Z;0;0;0;36
8234cafa4dcd18c5bee3c95c4e76811026ea6a53;2020-11-20T16_50_19.364Z;0;0;13;23
8234cafa4dcd18c5bee3c95c4e76811026ea6a53;2020-11-20T19_37_06.951Z;0;0;0;36
8234cafa4dcd18c5bee3c95c4e76811026ea6a53;2020-11-20T19_56_48.150Z;0;0;0;36
8234cafa4dcd18c5bee3c95c4e76811026ea6a53;2020-11-20T20_09_53.569Z;0;0;13;23
8234cafa4dcd18c5bee3c95c4e76811026ea6a53;2020-11-21T23_24_28.505Z;0;2;13;23
8234cafa4dcd18c5bee3c95c4e76811026ea6a53;2020-11-21T23_55_31.730Z;0;1;11;25
8234cafa4dcd18c5bee3c95c4e76811026ea6a53;2020-11-22T22_18_49.768Z;0;1;13;23
8234cafa4dcd18c5bee3c95c4e76811026ea6a53;2020-11-22T22_47_11.051Z;0;1;13;23
8234cafa4dcd18c5bee3c95c4e76811026ea6a53;2020-11-23T00_03_29.018Z;0;0;13;23
8234cafa4dcd18c5bee3c95c4e76811026ea6a53;2020-11-23T16_54_09.110Z;0;0;13;23
8234cafa4dcd18c5bee3c95c4e76811026ea6a53;2020-11-23T18_26_52.234Z;0;0;12;24
8234cafa4dcd18c5bee3c95c4e76811026ea6a53;2020-11-23T20_53_10.437Z;0;0;11;25
8234cafa4dcd18c5bee3c95c4e76811026ea6a53;2020-11-23T21_33_07.217Z;0;0;6;30
8234cafa4dcd18c5bee3c95c4e76811026ea6a53;2020-11-23T22_03_32.841Z;0;0;6;30
8234cafa4dcd18c5bee3c95c4e76811026ea6a53;2020-11-23T22_45_26.132Z;0;4;7;29
8234cafa4dcd18c5bee3c95c4e76811026ea6a53;2020-11-23T23_50_12.416Z;0;4;7;29
8234cafa4dcd18c5bee3c95c4e76811026ea6a53;2020-11-25T16_48_05.000Z;0;0;0;36
8234cafa4dcd18c5bee3c95c4e76811026ea6a53;2020-11-25T16_54_51.057Z;0;6;6;30
833518764076caa037d114455cff8b00883bb085;2020-11-19T04_10_22.570Z;0;0;0;36
833518764076caa037d114455cff8b00883bb085;2020-11-19T04_10_29.423Z;0;0;0;36
833518764076caa037d114455cff8b00883bb085;2020-11-19T04_11_31.712Z;1;0;0;0
833518764076caa037d114455cff8b00883bb085;2020-11-19T04_12_44.357Z;0;0;0;13
833518764076caa037d114455cff8b00883bb085;2020-11-19T04_13_16.270Z;1;0;0;17
833518764076caa037d114455cff8b00883bb085;2020-11-19T04_29_48.091Z;0;0;0;17
833518764076caa037d114455cff8b00883bb085;2020-11-19T04_30_24.058Z;0;0;0;36
833518764076caa037d114455cff8b00883bb085;2020-11-19T04_30_33.753Z;0;0;0;36
833518764076caa037d114455cff8b00883bb085;2020-11-19T04_35_48.063Z;1;4;6;8
833518764076caa037d114455cff8b00883bb085;2020-11-19T19_40_33.183Z;1;4;5;9
833518764076caa037d114455cff8b00883bb085;2020-11-19T20_10_13.646Z;1;5;6;9
833518764076caa037d114455cff8b00883bb085;2020-11-19T21_05_24.253Z;1;5;6;9
833518764076caa037d114455cff8b00883bb085;2020-11-19T22_45_25.569Z;0;4;4;32
833518764076caa037d114455cff8b00883bb085;2020-11-19T23_07_28.007Z;0;0;0;36
833518764076caa037d114455cff8b00883bb085;2020-11-19T23_23_12.385Z;0;0;0;36
833518764076caa037d114455cff8b00883bb085;2020-11-19T23_41_24.436Z;0;0;0;36
833518764076caa037d114455cff8b00883bb085;2020-11-20T00_16_01.040Z;0;1;10;26
833518764076caa037d114455cff8b00883bb085;2020-11-20T02_14_02.635Z;0;1;8;28
833518764076caa037d114455cff8b00883bb085;2020-11-20T02_14_11.775Z;0;0;0;36
833518764076caa037d114455cff8b00883bb085;2020-11-20T02_44_56.304Z;0;1;8;28
833518764076caa037d114455cff8b00883bb085;2020-11-23T20_36_31.143Z;0;2;9;27
833518764076caa037d114455cff8b00883bb085;2020-11-23T22_14_32.591Z;0;2;9;27
833518764076caa037d114455cff8b00883bb085;2020-11-23T23_08_06.751Z;0;1;8;28
833518764076caa037d114455cff8b00883bb085;2020-11-23T23_42_31.991Z;1;0;0;17
833518764076caa037d114455cff8b00883bb085;2020-11-24T00_15_36.140Z;1;0;0;17
833518764076caa037d114455cff8b00883bb085;2020-11-24T02_04_03.606Z;0;1;6;30
833518764076caa037d114455cff8b00883bb085;2020-11-24T19_49_26.735Z;0;1;6;30
833518764076caa037d114455cff8b00883bb085;2020-11-24T20_03_24.058Z;0;1;5;31
833518764076caa037d114455cff8b00883bb085;2020-11-24T23_19_38.906Z;0;0;0;36
833518764076caa037d114455cff8b00883bb085;2020-11-24T23_31_02.137Z;0;0;0;36
833518764076caa037d114455cff8b00883bb085;2020-11-24T23_47_08.353Z;0;0;0;36
833518764076caa037d114455cff8b00883bb085;2020-11-24T23_47_50.082Z;0;0;0;36
842fbda27b35b29ea68ee1c0c3da3bd2be207210;2020-11-22T16_54_17.779Z;1;0;0;0
842fbda27b35b29ea68ee1c0c3da3bd2be207210;2020-11-22T17_01_20.209Z;0;0;0;36
842fbda27b35b29ea68ee1c0c3da3bd2be207210;2020-11-22T17_02_21.182Z;0;0;0;36
842fbda27b35b29ea68ee1c0c3da3bd2be207210;2020-11-22T17_06_51.007Z;0;0;0;13
842fbda27b35b29ea68ee1c0c3da3bd2be207210;2020-11-22T17_16_06.527Z;0;0;14;22
842fbda27b35b29ea68ee1c0c3da3bd2be207210;2020-11-22T17_17_07.759Z;0;0;15;21
842fbda27b35b29ea68ee1c0c3da3bd2be207210;2020-11-22T17_33_06.389Z;2;0;0;0
842fbda27b35b29ea68ee1c0c3da3bd2be207210;2020-11-22T18_15_12.705Z;0;11;11;25
842fbda27b35b29ea68ee1c0c3da3bd2be207210;2020-11-22T19_05_33.282Z;0;0;0;36
842fbda27b35b29ea68ee1c0c3da3bd2be207210;2020-11-22T20_19_31.508Z;1;0;0;17
842fbda27b35b29ea68ee1c0c3da3bd2be207210;2020-11-22T22_15_23.467Z;1;0;0;17
842fbda27b35b29ea68ee1c0c3da3bd2be207210;2020-11-22T23_09_03.383Z;0;0;6;30
842fbda27b35b29ea68ee1c0c3da3bd2be207210;2020-11-22T23_25_08.529Z;0;0;0;36
842fbda27b35b29ea68ee1c0c3da3bd2be207210;2020-11-22T23_50_14.721Z;0;0;0;36
842fbda27b35b29ea68ee1c0c3da3bd2be207210;2020-11-22T23_50_32.638Z;0;0;0;36
842fbda27b35b29ea68ee1c0c3da3bd2be207210;2020-11-23T00_17_58.533Z;0;0;0;36
842fbda27b35b29ea68ee1c0c3da3bd2be207210;2020-11-23T19_52_56.335Z;0;0;0;36
842fbda27b35b29ea68ee1c0c3da3bd2be207210;2020-11-23T20_13_32.128Z;0;1;1;35
842fbda27b35b29ea68ee1c0c3da3bd2be207210;2020-11-23T21_06_59.796Z;0;0;0;36
842fbda27b35b29ea68ee1c0c3da3bd2be207210;2020-11-23T21_39_12.634Z;0;0;0;36
842fbda27b35b29ea68ee1c0c3da3bd2be207210;2020-11-23T21_50_29.063Z;0;1;1;35
842fbda27b35b29ea68ee1c0c3da3bd2be207210;2020-11-23T21_53_30.363Z;0;0;0;36
842fbda27b35b29ea68ee1c0c3da3bd2be207210;2020-11-23T22_14_33.525Z;0;0;0;36
842fbda27b35b29ea68ee1c0c3da3bd2be207210;2020-11-23T22_36_38.595Z;0;0;0;36
842fbda27b35b29ea68ee1c0c3da3bd2be207210;2020-11-23T22_54_04.347Z;0;0;0;36
842fbda27b35b29ea68ee1c0c3da3bd2be207210;2020-11-25T01_22_12.933Z;0;0;0;36
842fbda27b35b29ea68ee1c0c3da3bd2be207210;2020-11-26T00_56_48.080Z;0;0;0;36
86a8bdb0a8c9676a3c2341b787d4c693856791e1;2020-11-15T12_57_25.890Z;1;0;0;0
86a8bdb0a8c9676a3c2341b787d4c693856791e1;2020-11-15T13_38_09.896Z;2;0;0;0
86a8bdb0a8c9676a3c2341b787d4c693856791e1;2020-11-15T14_17_56.210Z;2;0;0;0
86a8bdb0a8c9676a3c2341b787d4c693856791e1;2020-11-15T14_49_03.247Z;0;20;20;16
86a8bdb0a8c9676a3c2341b787d4c693856791e1;2020-11-15T15_31_45.827Z;2;0;0;0
86a8bdb0a8c9676a3c2341b787d4c693856791e1;2020-11-15T15_56_16.490Z;0;0;0;36
86a8bdb0a8c9676a3c2341b787d4c693856791e1;2020-11-15T15_56_24.510Z;0;0;0;36
86a8bdb0a8c9676a3c2341b787d4c693856791e1;2020-11-15T15_56_30.035Z;0;0;0;36
86a8bdb0a8c9676a3c2341b787d4c693856791e1;2020-11-15T15_56_38.298Z;0;0;0;36
86a8bdb0a8c9676a3c2341b787d4c693856791e1;2020-11-15T16_07_59.513Z;0;9;9;27
86a8bdb0a8c9676a3c2341b787d4c693856791e1;2020-11-15T16_18_43.714Z;0;0;0;13
86a8bdb0a8c9676a3c2341b787d4c693856791e1;2020-11-15T16_54_01.918Z;1;0;0;17
86a8bdb0a8c9676a3c2341b787d4c693856791e1;2020-11-16T12_08_07.326Z;0;6;6;30
86a8bdb0a8c9676a3c2341b787d4c693856791e1;2020-11-16T12_49_18.002Z;0;0;0;36
86a8bdb0a8c9676a3c2341b787d4c693856791e1;2020-11-16T12_53_02.179Z;0;1;1;35
86a8bdb0a8c9676a3c2341b787d4c693856791e1;2020-11-16T12_55_31.092Z;0;0;0;36
86a8bdb0a8c9676a3c2341b787d4c693856791e1;2020-11-16T13_10_02.520Z;0;1;1;35
86a8bdb0a8c9676a3c2341b787d4c693856791e1;2020-11-16T13_21_04.199Z;0;0;0;36
86a8bdb0a8c9676a3c2341b787d4c693856791e1;2020-11-16T13_22_14.137Z;0;1;1;35
86a8bdb0a8c9676a3c2341b787d4c693856791e1;2020-11-16T13_36_33.456Z;0;0;0;36
86a8bdb0a8c9676a3c2341b787d4c693856791e1;2020-11-18T16_57_15.034Z;0;0;0;36
89daac6f0b6f67287ebfb791365f69bb3fdaf8e7;2020-11-25T22_23_35.396Z;1;0;0;0
89daac6f0b6f67287ebfb791365f69bb3fdaf8e7;2020-11-25T22_26_53.404Z;0;0;0;13
89daac6f0b6f67287ebfb791365f69bb3fdaf8e7;2020-11-25T23_48_13.698Z;2;0;0;0
89daac6f0b6f67287ebfb791365f69bb3fdaf8e7;2020-11-26T00_06_50.910Z;1;0;0;17
89daac6f0b6f67287ebfb791365f69bb3fdaf8e7;2020-11-26T00_32_44.694Z;1;0;0;0
89daac6f0b6f67287ebfb791365f69bb3fdaf8e7;2020-11-26T00_34_15.562Z;0;0;0;17
89daac6f0b6f67287ebfb791365f69bb3fdaf8e7;2020-11-26T01_43_22.038Z;0;5;14;22
89daac6f0b6f67287ebfb791365f69bb3fdaf8e7;2020-11-26T02_07_04.342Z;0;1;1;35
89daac6f0b6f67287ebfb791365f69bb3fdaf8e7;2020-11-26T02_23_38.220Z;0;0;6;30
89daac6f0b6f67287ebfb791365f69bb3fdaf8e7;2020-11-26T02_41_09.842Z;0;1;1;35
89daac6f0b6f67287ebfb791365f69bb3fdaf8e7;2020-11-26T02_54_18.270Z;0;0;2;34
89daac6f0b6f67287ebfb791365f69bb3fdaf8e7;2020-11-26T02_57_50.273Z;0;1;1;35
89daac6f0b6f67287ebfb791365f69bb3fdaf8e7;2020-11-26T03_34_01.274Z;0;1;1;35
89daac6f0b6f67287ebfb791365f69bb3fdaf8e7;2020-11-26T03_35_04.458Z;0;0;2;34
8b25c7b3a77c29e1c3d4b80e6d0d846ad2d491f1;2020-11-23T12_18_14.748Z;0;0;0;36
8b25c7b3a77c29e1c3d4b80e6d0d846ad2d491f1;2020-11-23T12_18_14.756Z;0;0;0;36
8b25c7b3a77c29e1c3d4b80e6d0d846ad2d491f1;2020-11-23T12_18_14.920Z;0;0;0;36
8b25c7b3a77c29e1c3d4b80e6d0d846ad2d491f1;2020-11-23T12_24_42.097Z;1;0;0;0
8b25c7b3a77c29e1c3d4b80e6d0d846ad2d491f1;2020-11-23T14_03_33.418Z;0;0;0;36
8b25c7b3a77c29e1c3d4b80e6d0d846ad2d491f1;2020-11-23T14_03_52.072Z;0;0;0;36
8b25c7b3a77c29e1c3d4b80e6d0d846ad2d491f1;2020-11-23T14_03_52.079Z;0;0;0;36
8b25c7b3a77c29e1c3d4b80e6d0d846ad2d491f1;2020-11-23T15_08_39.490Z;0;2;3;33
8b25c7b3a77c29e1c3d4b80e6d0d846ad2d491f1;2020-11-24T01_44_21.564Z;0;0;0;13
8b25c7b3a77c29e1c3d4b80e6d0d846ad2d491f1;2020-11-24T01_53_08.486Z;0;2;3;33
8b25c7b3a77c29e1c3d4b80e6d0d846ad2d491f1;2020-11-24T02_27_34.339Z;0;1;2;29
8b25c7b3a77c29e1c3d4b80e6d0d846ad2d491f1;2020-11-24T02_47_43.729Z;0;2;3;33
8b25c7b3a77c29e1c3d4b80e6d0d846ad2d491f1;2020-11-24T03_11_44.707Z;0;3;5;31
8b25c7b3a77c29e1c3d4b80e6d0d846ad2d491f1;2020-11-24T03_14_55.914Z;0;0;0;36
8b25c7b3a77c29e1c3d4b80e6d0d846ad2d491f1;2020-11-24T03_15_10.220Z;0;0;0;36
8b25c7b3a77c29e1c3d4b80e6d0d846ad2d491f1;2020-11-24T03_15_28.095Z;0;0;0;36
8b25c7b3a77c29e1c3d4b80e6d0d846ad2d491f1;2020-11-24T04_01_52.467Z;0;1;1;35
8b25c7b3a77c29e1c3d4b80e6d0d846ad2d491f1;2020-11-24T04_07_49.805Z;0;0;0;36
8b25c7b3a77c29e1c3d4b80e6d0d846ad2d491f1;2020-11-24T04_43_04.879Z;0;0;0;36
8b25c7b3a77c29e1c3d4b80e6d0d846ad2d491f1;2020-11-24T05_02_59.770Z;0;0;0;36
8b25c7b3a77c29e1c3d4b80e6d0d846ad2d491f1;2020-11-24T05_08_19.316Z;0;0;0;36
8b25c7b3a77c29e1c3d4b80e6d0d846ad2d491f1;2020-11-24T09_58_18.014Z;0;0;0;36
8b25c7b3a77c29e1c3d4b80e6d0d846ad2d491f1;2020-11-24T10_21_33.635Z;0;0;0;36
8b25c7b3a77c29e1c3d4b80e6d0d846ad2d491f1;2020-11-24T10_22_06.215Z;0;0;0;36
8b25c7b3a77c29e1c3d4b80e6d0d846ad2d491f1;2020-11-24T20_39_03.452Z;0;0;4;32
8b25c7b3a77c29e1c3d4b80e6d0d846ad2d491f1;2020-11-24T21_03_08.416Z;0;0;0;36
8b25c7b3a77c29e1c3d4b80e6d0d846ad2d491f1;2020-11-24T21_09_33.538Z;0;0;0;36
8b6cb46c93fc50f8b057bfafe9cee7e1758aacd1;2020-11-14T04_35_42.603Z;1;0;0;0
8b6cb46c93fc50f8b057bfafe9cee7e1758aacd1;2020-11-14T04_53_52.905Z;0;0;0;36
8b6cb46c93fc50f8b057bfafe9cee7e1758aacd1;2020-11-14T05_01_06.718Z;0;0;0;36
8b6cb46c93fc50f8b057bfafe9cee7e1758aacd1;2020-11-14T05_01_18.291Z;0;0;0;36
8b6cb46c93fc50f8b057bfafe9cee7e1758aacd1;2020-11-14T05_01_22.519Z;0;0;0;36
8b6cb46c93fc50f8b057bfafe9cee7e1758aacd1;2020-11-14T05_01_23.353Z;0;0;0;36
8b6cb46c93fc50f8b057bfafe9cee7e1758aacd1;2020-11-14T05_01_28.362Z;0;0;0;36
8b6cb46c93fc50f8b057bfafe9cee7e1758aacd1;2020-11-14T05_14_51.291Z;0;9;9;27
8b6cb46c93fc50f8b057bfafe9cee7e1758aacd1;2020-11-15T11_38_48.890Z;0;9;9;27
8b6cb46c93fc50f8b057bfafe9cee7e1758aacd1;2020-11-15T11_40_56.083Z;0;0;0;13
8b6cb46c93fc50f8b057bfafe9cee7e1758aacd1;2020-11-15T12_01_39.158Z;0;9;9;27
8b6cb46c93fc50f8b057bfafe9cee7e1758aacd1;2020-11-15T13_09_47.919Z;0;12;12;24
8b6cb46c93fc50f8b057bfafe9cee7e1758aacd1;2020-11-15T13_12_28.526Z;0;0;0;36
8b6cb46c93fc50f8b057bfafe9cee7e1758aacd1;2020-11-15T13_12_30.816Z;0;0;0;36
8b6cb46c93fc50f8b057bfafe9cee7e1758aacd1;2020-11-15T13_12_32.866Z;0;0;0;36
8b6cb46c93fc50f8b057bfafe9cee7e1758aacd1;2020-11-15T15_17_54.227Z;0;12;12;24
8b6cb46c93fc50f8b057bfafe9cee7e1758aacd1;2020-11-16T01_56_30.647Z;0;0;0;36
8b6cb46c93fc50f8b057bfafe9cee7e1758aacd1;2020-11-16T01_57_21.951Z;0;6;6;30
8b6cb46c93fc50f8b057bfafe9cee7e1758aacd1;2020-11-22T07_05_51.861Z;0;6;6;30
8b6cb46c93fc50f8b057bfafe9cee7e1758aacd1;2020-11-22T07_19_42.759Z;1;0;0;17
8b6cb46c93fc50f8b057bfafe9cee7e1758aacd1;2020-11-22T07_43_31.729Z;0;6;6;30
8b6cb46c93fc50f8b057bfafe9cee7e1758aacd1;2020-11-22T07_56_18.117Z;0;6;6;30
8b6cb46c93fc50f8b057bfafe9cee7e1758aacd1;2020-11-22T08_09_02.749Z;0;6;6;30
8b6cb46c93fc50f8b057bfafe9cee7e1758aacd1;2020-11-22T08_24_14.939Z;1;0;0;17
8b6cb46c93fc50f8b057bfafe9cee7e1758aacd1;2020-11-22T08_38_37.159Z;0;0;0;36
8b6cb46c93fc50f8b057bfafe9cee7e1758aacd1;2020-11-22T08_46_01.891Z;0;0;0;36
8b6cb46c93fc50f8b057bfafe9cee7e1758aacd1;2020-11-22T08_47_19.364Z;0;0;0;36
8b6cb46c93fc50f8b057bfafe9cee7e1758aacd1;2020-11-22T08_47_29.262Z;0;0;0;36
8b6cb46c93fc50f8b057bfafe9cee7e1758aacd1;2020-11-22T08_51_59.751Z;0;0;0;36
8b6cb46c93fc50f8b057bfafe9cee7e1758aacd1;2020-11-22T09_25_03.769Z;0;0;0;36
8b6cb46c93fc50f8b057bfafe9cee7e1758aacd1;2020-11-22T09_53_06.128Z;0;0;0;36
8b6cb46c93fc50f8b057bfafe9cee7e1758aacd1;2020-11-22T09_53_54.945Z;0;0;0;36
8b6cb46c93fc50f8b057bfafe9cee7e1758aacd1;2020-11-24T08_39_58.648Z;0;0;0;36
8b6cb46c93fc50f8b057bfafe9cee7e1758aacd1;2020-11-24T08_40_26.708Z;0;0;0;36
8c1380e65b8b929a2468b924a87169041cf74873;2020-11-15T21_58_45.278Z;1;0;0;0
8c1380e65b8b929a2468b924a87169041cf74873;2020-11-15T22_36_32.184Z;0;12;13;23
8c1380e65b8b929a2468b924a87169041cf74873;2020-11-16T00_39_39.838Z;0;0;0;36
8c1380e65b8b929a2468b924a87169041cf74873;2020-11-16T00_40_36.666Z;0;0;0;36
8c1380e65b8b929a2468b924a87169041cf74873;2020-11-16T00_40_43.584Z;0;0;0;36
8c1380e65b8b929a2468b924a87169041cf74873;2020-11-16T00_41_09.066Z;0;0;0;36
8c1380e65b8b929a2468b924a87169041cf74873;2020-11-16T00_49_14.949Z;0;1;4;32
8c1380e65b8b929a2468b924a87169041cf74873;2020-11-16T00_53_19.929Z;0;0;0;13
8c1380e65b8b929a2468b924a87169041cf74873;2020-11-16T01_17_07.288Z;0;0;0;17
8c1380e65b8b929a2468b924a87169041cf74873;2020-11-23T16_12_50.218Z;1;0;0;17
8c1380e65b8b929a2468b924a87169041cf74873;2020-11-23T18_13_18.781Z;0;2;2;34
8c1380e65b8b929a2468b924a87169041cf74873;2020-11-23T18_17_35.259Z;0;0;0;36
8c1380e65b8b929a2468b924a87169041cf74873;2020-11-23T18_34_59.437Z;0;1;4;32
8c1380e65b8b929a2468b924a87169041cf74873;2020-11-23T18_44_07.747Z;0;2;2;34
8c1380e65b8b929a2468b924a87169041cf74873;2020-11-23T19_41_40.745Z;0;0;0;36
8c1380e65b8b929a2468b924a87169041cf74873;2020-11-23T19_52_05.334Z;0;0;0;36
8c1380e65b8b929a2468b924a87169041cf74873;2020-11-23T19_53_46.945Z;0;0;0;36
8d6e3a4788b876ced6ef6f77912d1ee181b415fc;2020-11-19T22_09_40.258Z;1;0;0;0
8d6e3a4788b876ced6ef6f77912d1ee181b415fc;2020-11-19T22_10_03.466Z;2;0;0;0
8d6e3a4788b876ced6ef6f77912d1ee181b415fc;2020-11-19T23_46_51.204Z;2;0;0;0
8d6e3a4788b876ced6ef6f77912d1ee181b415fc;2020-11-19T23_47_07.841Z;0;0;0;13
8d6e3a4788b876ced6ef6f77912d1ee181b415fc;2020-11-19T23_48_32.069Z;1;0;0;17
8d6e3a4788b876ced6ef6f77912d1ee181b415fc;2020-11-20T00_00_39.016Z;1;0;0;17
8d6e3a4788b876ced6ef6f77912d1ee181b415fc;2020-11-20T00_20_43.541Z;0;0;13;23
8d6e3a4788b876ced6ef6f77912d1ee181b415fc;2020-11-20T00_31_24.283Z;0;15;19;17
8d6e3a4788b876ced6ef6f77912d1ee181b415fc;2020-11-20T18_04_23.135Z;0;15;19;17
8d6e3a4788b876ced6ef6f77912d1ee181b415fc;2020-11-22T20_27_48.769Z;2;0;0;0
8d6e3a4788b876ced6ef6f77912d1ee181b415fc;2020-11-22T21_56_52.130Z;0;3;8;28
8d6e3a4788b876ced6ef6f77912d1ee181b415fc;2020-11-22T22_09_50.729Z;0;1;8;28
8d6e3a4788b876ced6ef6f77912d1ee181b415fc;2020-11-24T04_07_13.411Z;0;1;8;28
8d6e3a4788b876ced6ef6f77912d1ee181b415fc;2020-11-24T04_33_06.443Z;1;0;0;17
8d6e3a4788b876ced6ef6f77912d1ee181b415fc;2020-11-24T04_45_19.690Z;0;16;18;18
8d6e3a4788b876ced6ef6f77912d1ee181b415fc;2020-11-25T04_06_36.596Z;0;0;13;23
8d6e3a4788b876ced6ef6f77912d1ee181b415fc;2020-11-25T04_43_38.249Z;0;2;2;34
8d6e3a4788b876ced6ef6f77912d1ee181b415fc;2020-11-25T15_53_31.342Z;0;2;2;34
8d6e3a4788b876ced6ef6f77912d1ee181b415fc;2020-11-25T17_23_37.609Z;0;1;14;22
8d6e3a4788b876ced6ef6f77912d1ee181b415fc;2020-11-25T17_34_46.832Z;0;1;12;24
8d6e3a4788b876ced6ef6f77912d1ee181b415fc;2020-11-25T18_39_08.044Z;0;1;12;24
8d6e3a4788b876ced6ef6f77912d1ee181b415fc;2020-11-25T20_38_21.599Z;0;1;2;34
8d6e3a4788b876ced6ef6f77912d1ee181b415fc;2020-11-25T21_09_04.362Z;0;2;2;34
8d6e3a4788b876ced6ef6f77912d1ee181b415fc;2020-11-25T21_09_20.415Z;0;1;1;35
8d6e3a4788b876ced6ef6f77912d1ee181b415fc;2020-11-25T23_54_47.549Z;0;2;2;34
8d6e3a4788b876ced6ef6f77912d1ee181b415fc;2020-11-26T00_06_06.853Z;0;1;1;35
8d6e3a4788b876ced6ef6f77912d1ee181b415fc;2020-11-26T00_09_12.596Z;0;2;2;34
8e98209674dd7406aa3526a9bd39a7c884c22e15;2020-11-20T09_50_58.311Z;1;0;0;0
8e98209674dd7406aa3526a9bd39a7c884c22e15;2020-11-20T09_51_37.201Z;0;0;0;13
8e98209674dd7406aa3526a9bd39a7c884c22e15;2020-11-20T09_52_46.325Z;0;0;0;36
8e98209674dd7406aa3526a9bd39a7c884c22e15;2020-11-20T09_52_58.062Z;0;0;0;36
8e98209674dd7406aa3526a9bd39a7c884c22e15;2020-11-20T09_54_28.642Z;2;0;0;0
8e98209674dd7406aa3526a9bd39a7c884c22e15;2020-11-20T09_56_02.580Z;1;0;0;17
8e98209674dd7406aa3526a9bd39a7c884c22e15;2020-11-20T10_49_40.355Z;0;0;13;23
8e98209674dd7406aa3526a9bd39a7c884c22e15;2020-11-20T11_11_38.626Z;2;0;0;0
8e98209674dd7406aa3526a9bd39a7c884c22e15;2020-11-20T12_36_10.512Z;2;0;0;0
8e98209674dd7406aa3526a9bd39a7c884c22e15;2020-11-20T13_00_39.430Z;0;12;13;23
8e98209674dd7406aa3526a9bd39a7c884c22e15;2020-11-20T14_01_39.371Z;2;0;0;0
8e98209674dd7406aa3526a9bd39a7c884c22e15;2020-11-21T09_47_40.918Z;0;0;0;36
8e98209674dd7406aa3526a9bd39a7c884c22e15;2020-11-21T09_54_51.668Z;2;0;0;0
8e98209674dd7406aa3526a9bd39a7c884c22e15;2020-11-21T10_32_26.825Z;0;13;13;23
8e98209674dd7406aa3526a9bd39a7c884c22e15;2020-11-21T11_54_59.623Z;0;1;1;35
8e98209674dd7406aa3526a9bd39a7c884c22e15;2020-11-21T13_15_24.366Z;0;0;0;36
8e98209674dd7406aa3526a9bd39a7c884c22e15;2020-11-21T13_52_38.603Z;1;0;0;17
8e98209674dd7406aa3526a9bd39a7c884c22e15;2020-11-21T16_23_41.435Z;0;0;13;23
8e98209674dd7406aa3526a9bd39a7c884c22e15;2020-11-21T17_07_10.747Z;0;0;0;36
8e98209674dd7406aa3526a9bd39a7c884c22e15;2020-11-21T18_02_15.567Z;1;0;0;17
8e98209674dd7406aa3526a9bd39a7c884c22e15;2020-11-23T08_09_20.926Z;0;0;0;36
8e98209674dd7406aa3526a9bd39a7c884c22e15;2020-11-23T08_09_55.332Z;0;0;13;23
8e98209674dd7406aa3526a9bd39a7c884c22e15;2020-11-23T10_02_47.168Z;1;0;0;17
8e98209674dd7406aa3526a9bd39a7c884c22e15;2020-11-23T12_01_19.862Z;0;0;12;24
8e98209674dd7406aa3526a9bd39a7c884c22e15;2020-11-23T12_57_56.046Z;0;0;7;29
8e98209674dd7406aa3526a9bd39a7c884c22e15;2020-11-23T14_13_47.536Z;0;0;7;29
8e98209674dd7406aa3526a9bd39a7c884c22e15;2020-11-23T15_37_24.518Z;0;0;7;29
8e98209674dd7406aa3526a9bd39a7c884c22e15;2020-11-23T15_51_34.557Z;0;0;6;30
8e98209674dd7406aa3526a9bd39a7c884c22e15;2020-11-23T16_53_06.644Z;0;0;0;36
8e98209674dd7406aa3526a9bd39a7c884c22e15;2020-11-23T16_59_32.967Z;0;0;3;33
8e98209674dd7406aa3526a9bd39a7c884c22e15;2020-11-23T18_46_40.924Z;0;0;0;36
8e98209674dd7406aa3526a9bd39a7c884c22e15;2020-11-24T10_14_25.232Z;0;0;0;36
8e98209674dd7406aa3526a9bd39a7c884c22e15;2020-11-24T10_14_25.246Z;0;0;0;36
8e98209674dd7406aa3526a9bd39a7c884c22e15;2020-11-24T10_14_26.422Z;0;0;0;36
8e98209674dd7406aa3526a9bd39a7c884c22e15;2020-11-24T10_15_49.941Z;0;0;0;36
8e98209674dd7406aa3526a9bd39a7c884c22e15;2020-11-24T10_22_11.862Z;0;0;0;36
8e98209674dd7406aa3526a9bd39a7c884c22e15;2020-11-24T10_51_33.156Z;0;0;0;36
8e98209674dd7406aa3526a9bd39a7c884c22e15;2020-11-24T12_01_20.455Z;0;0;0;36
8e98209674dd7406aa3526a9bd39a7c884c22e15;2020-11-24T12_44_56.445Z;0;0;0;36
8e98209674dd7406aa3526a9bd39a7c884c22e15;2020-11-24T14_20_28.217Z;0;0;0;36
8e98209674dd7406aa3526a9bd39a7c884c22e15;2020-11-24T14_26_12.366Z;0;0;0;36
8e98209674dd7406aa3526a9bd39a7c884c22e15;2020-11-24T14_47_25.609Z;0;0;0;36
8e98209674dd7406aa3526a9bd39a7c884c22e15;2020-11-24T15_40_39.655Z;0;0;0;36
8e98209674dd7406aa3526a9bd39a7c884c22e15;2020-11-24T16_04_54.404Z;0;0;0;36
8f44159e06781fa522902f2d7f8f3174706f414e;2020-11-23T06_18_00.231Z;0;0;0;36
8f44159e06781fa522902f2d7f8f3174706f414e;2020-11-23T14_51_13.451Z;0;0;0;36
8f44159e06781fa522902f2d7f8f3174706f414e;2020-11-23T15_02_55.374Z;1;0;0;0
8f44159e06781fa522902f2d7f8f3174706f414e;2020-11-23T15_04_34.601Z;0;0;15;21
8f44159e06781fa522902f2d7f8f3174706f414e;2020-11-23T15_04_55.157Z;0;0;0;13
8f44159e06781fa522902f2d7f8f3174706f414e;2020-11-23T15_06_03.659Z;0;0;13;23
8f44159e06781fa522902f2d7f8f3174706f414e;2020-11-23T16_03_22.979Z;0;13;13;23
8f44159e06781fa522902f2d7f8f3174706f414e;2020-11-23T16_56_02.983Z;0;13;13;23
8f44159e06781fa522902f2d7f8f3174706f414e;2020-11-23T17_18_35.670Z;0;13;13;23
8f44159e06781fa522902f2d7f8f3174706f414e;2020-11-23T17_37_50.331Z;0;13;13;23
8f44159e06781fa522902f2d7f8f3174706f414e;2020-11-23T19_06_40.958Z;0;13;13;23
8f44159e06781fa522902f2d7f8f3174706f414e;2020-11-23T21_43_01.319Z;0;2;7;29
8f44159e06781fa522902f2d7f8f3174706f414e;2020-11-23T23_19_27.902Z;0;1;5;31
8f44159e06781fa522902f2d7f8f3174706f414e;2020-11-24T01_06_12.754Z;1;0;0;17
8f44159e06781fa522902f2d7f8f3174706f414e;2020-11-24T01_24_25.937Z;0;0;0;36
8f44159e06781fa522902f2d7f8f3174706f414e;2020-11-24T01_25_02.613Z;0;0;13;23
8f44159e06781fa522902f2d7f8f3174706f414e;2020-11-25T15_59_27.733Z;1;0;0;17
8f44159e06781fa522902f2d7f8f3174706f414e;2020-11-25T16_15_20.974Z;0;0;13;23
8f44159e06781fa522902f2d7f8f3174706f414e;2020-11-25T16_59_03.980Z;0;0;13;23
8f44159e06781fa522902f2d7f8f3174706f414e;2020-11-25T17_19_46.007Z;1;0;0;17
8f44159e06781fa522902f2d7f8f3174706f414e;2020-11-25T18_13_44.640Z;0;0;13;23
8f44159e06781fa522902f2d7f8f3174706f414e;2020-11-25T18_45_49.324Z;0;0;13;23
8f44159e06781fa522902f2d7f8f3174706f414e;2020-11-25T18_58_13.830Z;0;0;13;23
8f44159e06781fa522902f2d7f8f3174706f414e;2020-11-25T19_19_49.162Z;0;1;5;31
8f44159e06781fa522902f2d7f8f3174706f414e;2020-11-25T19_35_13.462Z;0;1;5;31
8f44159e06781fa522902f2d7f8f3174706f414e;2020-11-25T19_35_33.475Z;0;2;13;23
8f44159e06781fa522902f2d7f8f3174706f414e;2020-11-25T19_47_49.265Z;2;0;0;0
8f44159e06781fa522902f2d7f8f3174706f414e;2020-11-25T22_32_45.774Z;0;0;10;26
8f44159e06781fa522902f2d7f8f3174706f414e;2020-11-25T22_34_21.198Z;0;1;1;35
8f44159e06781fa522902f2d7f8f3174706f414e;2020-11-25T22_58_16.086Z;1;0;0;17
8f44159e06781fa522902f2d7f8f3174706f414e;2020-11-25T23_13_58.275Z;0;0;7;29
8f44159e06781fa522902f2d7f8f3174706f414e;2020-11-25T23_14_45.207Z;0;1;1;35
8f44159e06781fa522902f2d7f8f3174706f414e;2020-11-25T23_29_44.121Z;0;0;0;36
8f44159e06781fa522902f2d7f8f3174706f414e;2020-11-25T23_33_39.918Z;0;0;0;36
8f44159e06781fa522902f2d7f8f3174706f414e;2020-11-25T23_36_52.836Z;0;0;7;29
8f44159e06781fa522902f2d7f8f3174706f414e;2020-11-26T00_26_59.070Z;0;0;0;36
8f44159e06781fa522902f2d7f8f3174706f414e;2020-11-26T00_27_36.018Z;0;0;7;29
8f44159e06781fa522902f2d7f8f3174706f414e;2020-11-26T02_19_50.722Z;0;0;1;35
8f44159e06781fa522902f2d7f8f3174706f414e;2020-11-26T02_46_19.553Z;0;0;0;36
8f44159e06781fa522902f2d7f8f3174706f414e;2020-11-26T02_51_20.670Z;0;0;1;35
91c12a36efaa95f40df93c9135741ad002737546;2020-11-23T06_30_50.650Z;1;0;0;0
91c12a36efaa95f40df93c9135741ad002737546;2020-11-23T06_34_02.111Z;0;0;0;36
91c12a36efaa95f40df93c9135741ad002737546;2020-11-23T06_34_10.416Z;0;0;0;36
91c12a36efaa95f40df93c9135741ad002737546;2020-11-23T08_33_57.586Z;0;12;13;23
91c12a36efaa95f40df93c9135741ad002737546;2020-11-23T20_46_51.047Z;0;0;0;36
91c12a36efaa95f40df93c9135741ad002737546;2020-11-23T20_47_00.308Z;0;0;0;36
91c12a36efaa95f40df93c9135741ad002737546;2020-11-23T21_19_56.926Z;0;0;2;34
91c12a36efaa95f40df93c9135741ad002737546;2020-11-23T23_15_13.177Z;0;0;2;34
91c12a36efaa95f40df93c9135741ad002737546;2020-11-24T02_26_39.683Z;0;0;2;34
91c12a36efaa95f40df93c9135741ad002737546;2020-11-24T03_05_29.527Z;2;0;0;0
91c12a36efaa95f40df93c9135741ad002737546;2020-11-24T04_45_56.530Z;0;0;2;34
91c12a36efaa95f40df93c9135741ad002737546;2020-11-24T07_00_28.311Z;0;0;2;34
91c12a36efaa95f40df93c9135741ad002737546;2020-11-24T19_10_02.209Z;0;0;0;36
91c12a36efaa95f40df93c9135741ad002737546;2020-11-24T19_10_10.261Z;0;0;0;36
91c12a36efaa95f40df93c9135741ad002737546;2020-11-24T19_13_02.205Z;0;0;0;13
91c12a36efaa95f40df93c9135741ad002737546;2020-11-24T19_18_19.846Z;0;0;2;34
91c12a36efaa95f40df93c9135741ad002737546;2020-11-24T19_32_27.065Z;1;0;0;17
91c12a36efaa95f40df93c9135741ad002737546;2020-11-24T20_02_24.909Z;0;0;0;36
91c12a36efaa95f40df93c9135741ad002737546;2020-11-24T20_09_33.046Z;0;0;0;36
91c12a36efaa95f40df93c9135741ad002737546;2020-11-24T20_16_25.294Z;0;0;0;36
91c12a36efaa95f40df93c9135741ad002737546;2020-11-24T20_41_50.713Z;0;0;0;36
91c12a36efaa95f40df93c9135741ad002737546;2020-11-24T20_49_38.600Z;0;0;0;36
91c12a36efaa95f40df93c9135741ad002737546;2020-11-24T21_00_24.706Z;0;0;0;36
91c12a36efaa95f40df93c9135741ad002737546;2020-11-24T21_26_10.238Z;0;0;0;36
91c12a36efaa95f40df93c9135741ad002737546;2020-11-24T21_30_23.305Z;0;0;0;36
91fbcb21c14a7530f2f3ef869853a53622ed7334;2020-11-23T21_09_17.495Z;1;0;0;0
91fbcb21c14a7530f2f3ef869853a53622ed7334;2020-11-23T21_09_29.162Z;0;0;0;13
91fbcb21c14a7530f2f3ef869853a53622ed7334;2020-11-23T21_13_25.698Z;2;0;0;0
91fbcb21c14a7530f2f3ef869853a53622ed7334;2020-11-23T21_14_30.737Z;1;0;0;17
91fbcb21c14a7530f2f3ef869853a53622ed7334;2020-11-24T00_00_41.938Z;2;0;0;0
91fbcb21c14a7530f2f3ef869853a53622ed7334;2020-11-24T00_31_08.578Z;0;0;13;23
91fbcb21c14a7530f2f3ef869853a53622ed7334;2020-11-24T01_05_08.021Z;2;0;0;0
91fbcb21c14a7530f2f3ef869853a53622ed7334;2020-11-24T03_55_40.949Z;0;1;1;35
91fbcb21c14a7530f2f3ef869853a53622ed7334;2020-11-24T04_20_03.056Z;1;0;0;17
91fbcb21c14a7530f2f3ef869853a53622ed7334;2020-11-24T05_19_11.435Z;1;0;0;17
91fbcb21c14a7530f2f3ef869853a53622ed7334;2020-11-24T23_51_24.090Z;0;1;1;35
91fbcb21c14a7530f2f3ef869853a53622ed7334;2020-11-24T23_52_28.417Z;0;0;13;23
91fbcb21c14a7530f2f3ef869853a53622ed7334;2020-11-25T01_20_37.115Z;1;0;0;17
91fbcb21c14a7530f2f3ef869853a53622ed7334;2020-11-25T01_51_31.046Z;1;0;0;17
91fbcb21c14a7530f2f3ef869853a53622ed7334;2020-11-25T20_14_07.196Z;0;2;7;29
91fbcb21c14a7530f2f3ef869853a53622ed7334;2020-11-25T20_32_25.836Z;0;0;0;36
91fbcb21c14a7530f2f3ef869853a53622ed7334;2020-11-25T20_56_53.040Z;0;3;3;33
91fbcb21c14a7530f2f3ef869853a53622ed7334;2020-11-25T21_11_33.466Z;0;0;0;36
91fbcb21c14a7530f2f3ef869853a53622ed7334;2020-11-25T21_46_55.944Z;0;0;0;36
91fbcb21c14a7530f2f3ef869853a53622ed7334;2020-11-25T21_56_25.321Z;0;0;0;36
938b2ca6524c5956664ef117537fc37a8acbec18;2020-11-18T01_46_26.852Z;1;0;0;0
938b2ca6524c5956664ef117537fc37a8acbec18;2020-11-18T01_46_58.233Z;0;0;0;36
938b2ca6524c5956664ef117537fc37a8acbec18;2020-11-18T01_47_07.725Z;2;0;0;0
938b2ca6524c5956664ef117537fc37a8acbec18;2020-11-18T01_47_26.045Z;0;0;0;13
938b2ca6524c5956664ef117537fc37a8acbec18;2020-11-18T01_47_44.216Z;1;0;0;17
938b2ca6524c5956664ef117537fc37a8acbec18;2020-11-18T02_15_08.169Z;0;0;0;36
938b2ca6524c5956664ef117537fc37a8acbec18;2020-11-18T02_25_21.974Z;0;0;13;23
938b2ca6524c5956664ef117537fc37a8acbec18;2020-11-18T02_27_11.925Z;1;0;2;13
938b2ca6524c5956664ef117537fc37a8acbec18;2020-11-25T09_36_49.910Z;0;0;0;36
938b2ca6524c5956664ef117537fc37a8acbec18;2020-11-25T11_06_42.872Z;0;1;1;35
938b2ca6524c5956664ef117537fc37a8acbec18;2020-11-25T11_09_54.310Z;0;0;0;36
938b2ca6524c5956664ef117537fc37a8acbec18;2020-11-26T02_19_39.020Z;0;0;0;36
938b2ca6524c5956664ef117537fc37a8acbec18;2020-11-26T02_33_05.589Z;0;0;0;36
938b2ca6524c5956664ef117537fc37a8acbec18;2020-11-26T02_33_05.607Z;0;0;0;36
938b2ca6524c5956664ef117537fc37a8acbec18;2020-11-26T02_33_05.614Z;0;0;0;36
938b2ca6524c5956664ef117537fc37a8acbec18;2020-11-26T02_33_05.622Z;0;0;0;36
938b2ca6524c5956664ef117537fc37a8acbec18;2020-11-26T02_47_01.531Z;0;0;0;36
938b2ca6524c5956664ef117537fc37a8acbec18;2020-11-26T03_13_24.625Z;0;0;0;36
938b2ca6524c5956664ef117537fc37a8acbec18;2020-11-26T03_14_38.239Z;0;0;0;36
93e7a80b207ccc4059daf3a1abba11dfa8c6c23c;2020-11-16T23_49_28.156Z;0;0;0;36
93e7a80b207ccc4059daf3a1abba11dfa8c6c23c;2020-11-16T23_49_35.255Z;0;0;0;13
93e7a80b207ccc4059daf3a1abba11dfa8c6c23c;2020-11-17T00_00_36.419Z;0;0;0;36
93e7a80b207ccc4059daf3a1abba11dfa8c6c23c;2020-11-17T00_02_26.421Z;1;0;0;17
93e7a80b207ccc4059daf3a1abba11dfa8c6c23c;2020-11-17T02_30_47.823Z;0;0;0;36
93e7a80b207ccc4059daf3a1abba11dfa8c6c23c;2020-11-17T03_18_52.856Z;0;0;13;23
93e7a80b207ccc4059daf3a1abba11dfa8c6c23c;2020-11-17T03_20_47.583Z;0;0;0;36
93e7a80b207ccc4059daf3a1abba11dfa8c6c23c;2020-11-17T05_22_42.006Z;0;0;0;36
93e7a80b207ccc4059daf3a1abba11dfa8c6c23c;2020-11-17T09_56_17.868Z;0;0;0;36
93e7a80b207ccc4059daf3a1abba11dfa8c6c23c;2020-11-24T06_30_35.307Z;0;0;0;36
93e7a80b207ccc4059daf3a1abba11dfa8c6c23c;2020-11-24T06_59_22.619Z;0;0;0;36
93e7a80b207ccc4059daf3a1abba11dfa8c6c23c;2020-11-24T07_29_59.381Z;0;0;0;36
93e7a80b207ccc4059daf3a1abba11dfa8c6c23c;2020-11-24T07_46_21.878Z;0;0;0;36
93e7a80b207ccc4059daf3a1abba11dfa8c6c23c;2020-11-24T08_11_16.009Z;0;0;0;36
93e7a80b207ccc4059daf3a1abba11dfa8c6c23c;2020-11-24T08_11_36.969Z;0;2;8;28
93e7a80b207ccc4059daf3a1abba11dfa8c6c23c;2020-11-24T09_02_12.754Z;2;0;0;0
93e7a80b207ccc4059daf3a1abba11dfa8c6c23c;2020-11-24T10_15_07.069Z;0;0;0;36
93e7a80b207ccc4059daf3a1abba11dfa8c6c23c;2020-11-24T10_58_10.352Z;0;0;13;23
93e7a80b207ccc4059daf3a1abba11dfa8c6c23c;2020-11-24T17_29_43.420Z;1;0;0;17
93e7a80b207ccc4059daf3a1abba11dfa8c6c23c;2020-11-24T17_52_22.184Z;1;0;0;17
93e7a80b207ccc4059daf3a1abba11dfa8c6c23c;2020-11-24T19_05_22.225Z;1;0;0;17
93e7a80b207ccc4059daf3a1abba11dfa8c6c23c;2020-11-25T00_48_00.283Z;0;1;7;29
93e7a80b207ccc4059daf3a1abba11dfa8c6c23c;2020-11-25T18_47_28.448Z;1;0;0;17
93e7a80b207ccc4059daf3a1abba11dfa8c6c23c;2020-11-25T19_07_51.983Z;1;0;0;17
93e7a80b207ccc4059daf3a1abba11dfa8c6c23c;2020-11-25T19_38_03.638Z;0;1;5;31
93e7a80b207ccc4059daf3a1abba11dfa8c6c23c;2020-11-25T21_38_43.746Z;1;0;0;17
93e7a80b207ccc4059daf3a1abba11dfa8c6c23c;2020-11-25T22_39_24.265Z;0;0;0;36
93e7a80b207ccc4059daf3a1abba11dfa8c6c23c;2020-11-25T22_39_56.258Z;0;0;0;36
93e7a80b207ccc4059daf3a1abba11dfa8c6c23c;2020-11-25T22_40_15.551Z;0;0;0;36
93e7a80b207ccc4059daf3a1abba11dfa8c6c23c;2020-11-25T23_20_37.548Z;2;0;0;0
93e7a80b207ccc4059daf3a1abba11dfa8c6c23c;2020-11-25T23_32_53.369Z;0;0;0;36
93e7a80b207ccc4059daf3a1abba11dfa8c6c23c;2020-11-26T00_18_26.021Z;2;0;0;0
93e7a80b207ccc4059daf3a1abba11dfa8c6c23c;2020-11-26T00_31_15.546Z;0;0;0;36
93e7a80b207ccc4059daf3a1abba11dfa8c6c23c;2020-11-26T00_51_20.767Z;0;0;0;36
93e7a80b207ccc4059daf3a1abba11dfa8c6c23c;2020-11-26T00_59_07.804Z;0;0;0;36
93e7a80b207ccc4059daf3a1abba11dfa8c6c23c;2020-11-26T01_27_42.191Z;0;0;0;36
93e7a80b207ccc4059daf3a1abba11dfa8c6c23c;2020-11-26T02_17_48.047Z;1;0;0;17
93e7a80b207ccc4059daf3a1abba11dfa8c6c23c;2020-11-26T02_46_31.920Z;1;0;0;17
93e7a80b207ccc4059daf3a1abba11dfa8c6c23c;2020-11-26T03_13_08.829Z;1;0;0;17
93e7a80b207ccc4059daf3a1abba11dfa8c6c23c;2020-11-26T03_54_11.439Z;1;0;0;17
93e7a80b207ccc4059daf3a1abba11dfa8c6c23c;2020-11-26T04_48_17.968Z;0;0;0;36
958c9425eca66a75a15a62f0ba018c486934007c;2020-11-17T03_36_15.360Z;1;0;0;0
958c9425eca66a75a15a62f0ba018c486934007c;2020-11-17T04_38_18.293Z;0;13;13;23
958c9425eca66a75a15a62f0ba018c486934007c;2020-11-17T16_01_52.458Z;0;0;0;36
958c9425eca66a75a15a62f0ba018c486934007c;2020-11-17T16_04_51.902Z;0;0;0;36
958c9425eca66a75a15a62f0ba018c486934007c;2020-11-17T16_07_36.060Z;0;0;0;13
958c9425eca66a75a15a62f0ba018c486934007c;2020-11-17T16_12_42.391Z;0;0;13;23
958c9425eca66a75a15a62f0ba018c486934007c;2020-11-17T16_24_18.762Z;0;2;2;34
958c9425eca66a75a15a62f0ba018c486934007c;2020-11-17T16_42_29.779Z;0;2;2;34
958c9425eca66a75a15a62f0ba018c486934007c;2020-11-17T17_35_40.523Z;0;2;12;24
958c9425eca66a75a15a62f0ba018c486934007c;2020-11-17T18_46_09.985Z;0;1;1;35
958c9425eca66a75a15a62f0ba018c486934007c;2020-11-17T19_17_09.883Z;0;2;12;24
958c9425eca66a75a15a62f0ba018c486934007c;2020-11-17T20_46_44.261Z;0;0;6;30
958c9425eca66a75a15a62f0ba018c486934007c;2020-11-17T21_00_20.165Z;0;0;0;36
958c9425eca66a75a15a62f0ba018c486934007c;2020-11-17T21_02_45.090Z;0;0;6;30
958c9425eca66a75a15a62f0ba018c486934007c;2020-11-17T21_22_24.221Z;0;0;0;36
958c9425eca66a75a15a62f0ba018c486934007c;2020-11-17T21_56_52.086Z;0;1;5;31
958c9425eca66a75a15a62f0ba018c486934007c;2020-11-17T22_46_47.177Z;0;0;0;36
958c9425eca66a75a15a62f0ba018c486934007c;2020-11-17T22_50_29.588Z;0;0;0;36
9626bfcdcbfdda64ce3a31191ceb88c9f8b52978;2020-11-21T00_28_39.113Z;0;0;0;36
9626bfcdcbfdda64ce3a31191ceb88c9f8b52978;2020-11-21T00_28_40.234Z;0;0;0;36
9626bfcdcbfdda64ce3a31191ceb88c9f8b52978;2020-11-21T00_30_24.236Z;0;0;0;36
9626bfcdcbfdda64ce3a31191ceb88c9f8b52978;2020-11-21T00_30_31.363Z;0;0;0;36
9626bfcdcbfdda64ce3a31191ceb88c9f8b52978;2020-11-21T00_56_19.404Z;0;0;0;36
9626bfcdcbfdda64ce3a31191ceb88c9f8b52978;2020-11-21T00_56_45.545Z;0;0;0;36
9626bfcdcbfdda64ce3a31191ceb88c9f8b52978;2020-11-21T00_56_55.333Z;2;0;0;0
9626bfcdcbfdda64ce3a31191ceb88c9f8b52978;2020-11-21T02_12_35.611Z;0;0;0;13
9626bfcdcbfdda64ce3a31191ceb88c9f8b52978;2020-11-21T02_18_56.979Z;0;0;13;23
9626bfcdcbfdda64ce3a31191ceb88c9f8b52978;2020-11-21T03_10_35.463Z;0;13;13;23
9626bfcdcbfdda64ce3a31191ceb88c9f8b52978;2020-11-21T03_41_06.042Z;0;0;0;36
9626bfcdcbfdda64ce3a31191ceb88c9f8b52978;2020-11-21T04_27_16.851Z;1;0;0;17
9626bfcdcbfdda64ce3a31191ceb88c9f8b52978;2020-11-21T05_35_56.138Z;0;0;0;36
9626bfcdcbfdda64ce3a31191ceb88c9f8b52978;2020-11-21T05_39_48.166Z;0;0;6;30
9626bfcdcbfdda64ce3a31191ceb88c9f8b52978;2020-11-21T06_52_01.971Z;0;0;2;34
9626bfcdcbfdda64ce3a31191ceb88c9f8b52978;2020-11-21T22_50_25.751Z;0;0;2;34
9626bfcdcbfdda64ce3a31191ceb88c9f8b52978;2020-11-21T23_26_32.885Z;0;0;0;36
9626bfcdcbfdda64ce3a31191ceb88c9f8b52978;2020-11-21T23_45_48.751Z;0;0;0;36
9626bfcdcbfdda64ce3a31191ceb88c9f8b52978;2020-11-22T00_50_37.078Z;0;0;0;36
96445cce79699a39851a184246b06b24c63497ff;2020-11-21T23_39_40.228Z;0;0;0;36
96445cce79699a39851a184246b06b24c63497ff;2020-11-21T23_39_41.576Z;0;0;0;36
96445cce79699a39851a184246b06b24c63497ff;2020-11-21T23_39_42.250Z;0;0;0;36
96445cce79699a39851a184246b06b24c63497ff;2020-11-21T23_42_22.943Z;1;0;0;0
96445cce79699a39851a184246b06b24c63497ff;2020-11-21T23_43_07.305Z;0;0;0;13
96445cce79699a39851a184246b06b24c63497ff;2020-11-21T23_54_00.739Z;0;0;13;23
96445cce79699a39851a184246b06b24c63497ff;2020-11-22T00_19_29.668Z;0;12;16;20
96445cce79699a39851a184246b06b24c63497ff;2020-11-22T02_42_25.904Z;0;1;5;31
96445cce79699a39851a184246b06b24c63497ff;2020-11-22T03_34_51.726Z;0;1;1;35
96445cce79699a39851a184246b06b24c63497ff;2020-11-22T04_27_18.787Z;0;0;13;23
96445cce79699a39851a184246b06b24c63497ff;2020-11-22T06_54_57.975Z;0;4;7;29
96445cce79699a39851a184246b06b24c63497ff;2020-11-22T07_40_34.953Z;0;2;2;34
96445cce79699a39851a184246b06b24c63497ff;2020-11-24T03_10_31.918Z;0;2;2;34
96445cce79699a39851a184246b06b24c63497ff;2020-11-24T03_33_46.280Z;0;0;0;36
96445cce79699a39851a184246b06b24c63497ff;2020-11-24T03_33_46.293Z;0;0;0;36
96445cce79699a39851a184246b06b24c63497ff;2020-11-24T03_33_46.306Z;0;0;0;36
96445cce79699a39851a184246b06b24c63497ff;2020-11-24T03_35_49.790Z;0;1;1;35
96445cce79699a39851a184246b06b24c63497ff;2020-11-24T03_36_58.068Z;0;2;2;34
96445cce79699a39851a184246b06b24c63497ff;2020-11-24T04_37_45.416Z;0;1;1;35
96445cce79699a39851a184246b06b24c63497ff;2020-11-24T04_59_13.350Z;0;2;2;34
96445cce79699a39851a184246b06b24c63497ff;2020-11-24T05_18_12.755Z;0;1;1;35
96445cce79699a39851a184246b06b24c63497ff;2020-11-24T06_01_25.033Z;0;0;0;36
96445cce79699a39851a184246b06b24c63497ff;2020-11-24T06_22_23.680Z;0;0;0;36
96eef9f178b631ed0e867941742c25f4b9f65da7;2020-11-25T10_19_35.046Z;1;0;0;0
96eef9f178b631ed0e867941742c25f4b9f65da7;2020-11-25T17_29_49.184Z;0;0;0;36
96eef9f178b631ed0e867941742c25f4b9f65da7;2020-11-25T18_18_31.486Z;0;0;0;36
96eef9f178b631ed0e867941742c25f4b9f65da7;2020-11-25T18_26_00.033Z;2;0;0;0
96eef9f178b631ed0e867941742c25f4b9f65da7;2020-11-25T19_04_18.952Z;2;0;0;0
96eef9f178b631ed0e867941742c25f4b9f65da7;2020-11-25T19_28_30.843Z;2;0;0;0
96eef9f178b631ed0e867941742c25f4b9f65da7;2020-11-25T20_11_51.124Z;0;0;0;36
96eef9f178b631ed0e867941742c25f4b9f65da7;2020-11-25T20_11_59.661Z;0;0;0;36
96eef9f178b631ed0e867941742c25f4b9f65da7;2020-11-25T20_22_03.575Z;2;0;0;0
96eef9f178b631ed0e867941742c25f4b9f65da7;2020-11-25T21_40_24.280Z;0;0;0;13
96eef9f178b631ed0e867941742c25f4b9f65da7;2020-11-25T21_46_15.782Z;0;1;1;35
96eef9f178b631ed0e867941742c25f4b9f65da7;2020-11-25T21_47_04.942Z;1;0;0;17
96eef9f178b631ed0e867941742c25f4b9f65da7;2020-11-26T02_42_32.681Z;0;1;1;35
96eef9f178b631ed0e867941742c25f4b9f65da7;2020-11-26T03_13_33.259Z;1;0;0;17
96eef9f178b631ed0e867941742c25f4b9f65da7;2020-11-26T04_07_34.426Z;0;0;0;36
96eef9f178b631ed0e867941742c25f4b9f65da7;2020-11-26T04_07_41.880Z;0;0;0;36
96eef9f178b631ed0e867941742c25f4b9f65da7;2020-11-26T04_21_57.314Z;0;0;5;31
96eef9f178b631ed0e867941742c25f4b9f65da7;2020-11-26T04_26_27.116Z;0;0;0;36
9736fd16bf30e047b764208a284acb5d921d6bc2;2020-11-26T00_46_19.437Z;1;0;0;0
9736fd16bf30e047b764208a284acb5d921d6bc2;2020-11-26T01_12_30.898Z;0;0;0;36
9736fd16bf30e047b764208a284acb5d921d6bc2;2020-11-26T01_17_44.837Z;0;0;0;36
9736fd16bf30e047b764208a284acb5d921d6bc2;2020-11-26T01_41_28.428Z;0;0;0;36
9736fd16bf30e047b764208a284acb5d921d6bc2;2020-11-26T01_42_42.544Z;0;0;0;13
9736fd16bf30e047b764208a284acb5d921d6bc2;2020-11-26T01_43_58.985Z;0;0;13;23
9736fd16bf30e047b764208a284acb5d921d6bc2;2020-11-26T02_51_50.162Z;0;1;1;35
9736fd16bf30e047b764208a284acb5d921d6bc2;2020-11-26T04_23_07.611Z;0;1;1;35
9736fd16bf30e047b764208a284acb5d921d6bc2;2020-11-26T04_47_37.406Z;0;1;1;35
9736fd16bf30e047b764208a284acb5d921d6bc2;2020-11-26T04_56_49.024Z;0;0;2;34
986b7ca95742aa90d2aeb25dff1d6a22d497659e;2020-11-24T03_31_22.157Z;0;0;0;36
986b7ca95742aa90d2aeb25dff1d6a22d497659e;2020-11-24T03_31_23.880Z;0;0;0;36
986b7ca95742aa90d2aeb25dff1d6a22d497659e;2020-11-24T03_31_25.390Z;0;0;0;36
986b7ca95742aa90d2aeb25dff1d6a22d497659e;2020-11-24T04_09_35.810Z;0;0;0;36
986b7ca95742aa90d2aeb25dff1d6a22d497659e;2020-11-24T04_17_40.137Z;0;0;0;36
986b7ca95742aa90d2aeb25dff1d6a22d497659e;2020-11-25T00_47_20.700Z;0;0;0;36
986b7ca95742aa90d2aeb25dff1d6a22d497659e;2020-11-25T00_47_34.301Z;1;0;0;0
986b7ca95742aa90d2aeb25dff1d6a22d497659e;2020-11-25T01_35_48.278Z;2;0;0;0
986b7ca95742aa90d2aeb25dff1d6a22d497659e;2020-11-25T03_05_38.739Z;0;0;0;36
986b7ca95742aa90d2aeb25dff1d6a22d497659e;2020-11-25T03_05_38.746Z;0;0;0;36
986b7ca95742aa90d2aeb25dff1d6a22d497659e;2020-11-25T03_05_38.762Z;0;0;0;36
986b7ca95742aa90d2aeb25dff1d6a22d497659e;2020-11-25T03_34_16.337Z;2;0;0;0
986b7ca95742aa90d2aeb25dff1d6a22d497659e;2020-11-25T14_27_14.644Z;2;0;0;0
986b7ca95742aa90d2aeb25dff1d6a22d497659e;2020-11-25T14_48_09.724Z;0;0;0;36
986b7ca95742aa90d2aeb25dff1d6a22d497659e;2020-11-25T14_48_32.227Z;0;0;0;36
986b7ca95742aa90d2aeb25dff1d6a22d497659e;2020-11-25T15_02_34.132Z;0;2;6;30
986b7ca95742aa90d2aeb25dff1d6a22d497659e;2020-11-25T15_26_02.165Z;0;0;0;36
986b7ca95742aa90d2aeb25dff1d6a22d497659e;2020-11-25T15_26_02.189Z;0;0;0;36
986b7ca95742aa90d2aeb25dff1d6a22d497659e;2020-11-25T15_27_30.535Z;0;0;0;13
986b7ca95742aa90d2aeb25dff1d6a22d497659e;2020-11-25T15_31_05.844Z;1;0;0;17
986b7ca95742aa90d2aeb25dff1d6a22d497659e;2020-11-25T15_34_51.923Z;0;2;6;30
986b7ca95742aa90d2aeb25dff1d6a22d497659e;2020-11-25T16_18_26.905Z;0;2;6;30
986b7ca95742aa90d2aeb25dff1d6a22d497659e;2020-11-25T16_28_07.716Z;1;0;0;17
986b7ca95742aa90d2aeb25dff1d6a22d497659e;2020-11-25T18_28_25.038Z;1;0;0;17
986b7ca95742aa90d2aeb25dff1d6a22d497659e;2020-11-25T20_44_25.583Z;0;2;6;30
986b7ca95742aa90d2aeb25dff1d6a22d497659e;2020-11-25T21_40_41.935Z;1;0;0;17
986b7ca95742aa90d2aeb25dff1d6a22d497659e;2020-11-25T22_56_49.607Z;0;0;6;21
986b7ca95742aa90d2aeb25dff1d6a22d497659e;2020-11-26T00_21_15.974Z;0;0;6;21
986b7ca95742aa90d2aeb25dff1d6a22d497659e;2020-11-26T01_42_49.727Z;0;2;6;30
986b7ca95742aa90d2aeb25dff1d6a22d497659e;2020-11-26T02_01_55.541Z;0;2;6;30
986b7ca95742aa90d2aeb25dff1d6a22d497659e;2020-11-26T02_15_55.073Z;0;0;0;36
986b7ca95742aa90d2aeb25dff1d6a22d497659e;2020-11-26T02_21_35.218Z;0;0;0;36
986b7ca95742aa90d2aeb25dff1d6a22d497659e;2020-11-26T02_25_12.455Z;0;2;6;30
986b7ca95742aa90d2aeb25dff1d6a22d497659e;2020-11-26T04_10_04.523Z;0;0;0;36
986b7ca95742aa90d2aeb25dff1d6a22d497659e;2020-11-26T04_10_04.533Z;0;0;0;36
986b7ca95742aa90d2aeb25dff1d6a22d497659e;2020-11-26T04_38_23.789Z;0;0;0;36
986b7ca95742aa90d2aeb25dff1d6a22d497659e;2020-11-26T05_01_35.085Z;0;0;0;36
9896989b45c42b1ac66b11763e914661966205d9;2020-11-16T00_29_03.533Z;0;0;0;36
9896989b45c42b1ac66b11763e914661966205d9;2020-11-16T00_29_09.380Z;0;0;0;36
9896989b45c42b1ac66b11763e914661966205d9;2020-11-16T00_29_24.456Z;1;0;0;0
9896989b45c42b1ac66b11763e914661966205d9;2020-11-16T00_29_40.008Z;0;0;0;13
9896989b45c42b1ac66b11763e914661966205d9;2020-11-17T02_48_08.986Z;2;0;0;0
9896989b45c42b1ac66b11763e914661966205d9;2020-11-17T02_51_15.104Z;1;0;0;17
9896989b45c42b1ac66b11763e914661966205d9;2020-11-17T03_17_57.570Z;0;0;13;23
9896989b45c42b1ac66b11763e914661966205d9;2020-11-17T03_47_38.419Z;0;12;13;23
9896989b45c42b1ac66b11763e914661966205d9;2020-11-17T14_11_18.935Z;0;7;10;26
9896989b45c42b1ac66b11763e914661966205d9;2020-11-18T00_23_19.682Z;0;1;7;29
9896989b45c42b1ac66b11763e914661966205d9;2020-11-18T15_18_54.743Z;0;1;7;29
9896989b45c42b1ac66b11763e914661966205d9;2020-11-18T18_14_33.633Z;0;1;7;29
9896989b45c42b1ac66b11763e914661966205d9;2020-11-20T04_31_29.453Z;0;1;7;29
9896989b45c42b1ac66b11763e914661966205d9;2020-11-20T17_55_44.662Z;0;1;7;29
9896989b45c42b1ac66b11763e914661966205d9;2020-11-20T18_24_05.094Z;0;1;7;29
9896989b45c42b1ac66b11763e914661966205d9;2020-11-20T18_58_32.865Z;0;1;7;29
9896989b45c42b1ac66b11763e914661966205d9;2020-11-21T23_36_17.516Z;0;0;0;36
9896989b45c42b1ac66b11763e914661966205d9;2020-11-22T04_21_17.592Z;0;0;0;36
9896989b45c42b1ac66b11763e914661966205d9;2020-11-22T04_21_17.600Z;0;0;0;36
9896989b45c42b1ac66b11763e914661966205d9;2020-11-22T04_21_17.608Z;0;0;0;36
9896989b45c42b1ac66b11763e914661966205d9;2020-11-22T05_00_16.221Z;0;0;13;23
9896989b45c42b1ac66b11763e914661966205d9;2020-11-22T14_24_11.084Z;1;0;0;17
9896989b45c42b1ac66b11763e914661966205d9;2020-11-22T20_34_03.155Z;0;1;6;30
9896989b45c42b1ac66b11763e914661966205d9;2020-11-23T02_41_19.812Z;0;0;0;36
9896989b45c42b1ac66b11763e914661966205d9;2020-11-23T02_57_02.604Z;0;1;6;30
9896989b45c42b1ac66b11763e914661966205d9;2020-11-23T03_09_38.598Z;0;0;0;36
9896989b45c42b1ac66b11763e914661966205d9;2020-11-23T03_24_23.365Z;0;1;4;32
9896989b45c42b1ac66b11763e914661966205d9;2020-11-23T03_25_56.197Z;0;0;0;36
9896989b45c42b1ac66b11763e914661966205d9;2020-11-23T12_33_29.882Z;0;1;4;32
9896989b45c42b1ac66b11763e914661966205d9;2020-11-23T13_02_05.770Z;0;1;4;32
9896989b45c42b1ac66b11763e914661966205d9;2020-11-23T14_00_37.683Z;0;0;0;36
9896989b45c42b1ac66b11763e914661966205d9;2020-11-23T14_00_37.698Z;0;0;0;36
9896989b45c42b1ac66b11763e914661966205d9;2020-11-23T14_01_20.154Z;0;0;2;34
9896989b45c42b1ac66b11763e914661966205d9;2020-11-23T15_02_44.517Z;0;0;2;34
9896989b45c42b1ac66b11763e914661966205d9;2020-11-23T21_21_55.235Z;0;0;0;36
9896989b45c42b1ac66b11763e914661966205d9;2020-11-23T21_22_37.389Z;0;0;0;36
99802559e72cbc82cce3a1f791d612faeeb5e9ef;2020-11-17T17_35_13.919Z;1;0;0;0
99802559e72cbc82cce3a1f791d612faeeb5e9ef;2020-11-17T17_36_23.396Z;0;0;0;13
99802559e72cbc82cce3a1f791d612faeeb5e9ef;2020-11-17T17_37_53.323Z;2;0;0;0
99802559e72cbc82cce3a1f791d612faeeb5e9ef;2020-11-17T17_38_27.396Z;1;0;0;17
99802559e72cbc82cce3a1f791d612faeeb5e9ef;2020-11-17T17_55_27.301Z;2;0;0;0
99802559e72cbc82cce3a1f791d612faeeb5e9ef;2020-11-17T21_17_04.350Z;1;0;0;17
99802559e72cbc82cce3a1f791d612faeeb5e9ef;2020-11-17T21_57_24.597Z;0;0;13;23
99802559e72cbc82cce3a1f791d612faeeb5e9ef;2020-11-17T22_16_43.937Z;0;15;17;19
99802559e72cbc82cce3a1f791d612faeeb5e9ef;2020-11-18T00_41_24.685Z;0;1;1;35
99802559e72cbc82cce3a1f791d612faeeb5e9ef;2020-11-18T03_51_11.958Z;0;0;0;36
99802559e72cbc82cce3a1f791d612faeeb5e9ef;2020-11-18T16_16_14.997Z;0;0;0;36
99802559e72cbc82cce3a1f791d612faeeb5e9ef;2020-11-18T21_56_36.311Z;1;0;0;17
99802559e72cbc82cce3a1f791d612faeeb5e9ef;2020-11-18T23_08_09.005Z;0;1;13;23
99802559e72cbc82cce3a1f791d612faeeb5e9ef;2020-11-18T23_51_39.768Z;0;0;0;36
99802559e72cbc82cce3a1f791d612faeeb5e9ef;2020-11-19T00_50_34.498Z;0;0;6;30
99802559e72cbc82cce3a1f791d612faeeb5e9ef;2020-11-19T18_45_33.918Z;0;0;6;30
99802559e72cbc82cce3a1f791d612faeeb5e9ef;2020-11-19T19_49_06.654Z;0;0;4;32
99802559e72cbc82cce3a1f791d612faeeb5e9ef;2020-11-19T19_51_29.288Z;0;0;0;36
99802559e72cbc82cce3a1f791d612faeeb5e9ef;2020-11-19T20_54_22.299Z;0;0;0;36
99802559e72cbc82cce3a1f791d612faeeb5e9ef;2020-11-19T21_06_49.054Z;0;0;2;34
99802559e72cbc82cce3a1f791d612faeeb5e9ef;2020-11-19T21_17_55.982Z;0;0;0;36
99802559e72cbc82cce3a1f791d612faeeb5e9ef;2020-11-19T21_37_14.352Z;0;0;2;34
99802559e72cbc82cce3a1f791d612faeeb5e9ef;2020-11-19T21_51_13.284Z;0;0;0;36
99802559e72cbc82cce3a1f791d612faeeb5e9ef;2020-11-19T22_06_30.169Z;0;0;0;36
99802559e72cbc82cce3a1f791d612faeeb5e9ef;2020-11-19T23_09_01.958Z;0;0;0;36
9b6c40db29604939621b861681b84e5cca9d1938;2020-11-24T23_46_21.245Z;0;0;0;36
9b6c40db29604939621b861681b84e5cca9d1938;2020-11-24T23_54_14.388Z;1;0;0;0
9b6c40db29604939621b861681b84e5cca9d1938;2020-11-24T23_54_21.152Z;0;0;0;36
9b6c40db29604939621b861681b84e5cca9d1938;2020-11-24T23_57_09.765Z;1;0;5;3
9b6c40db29604939621b861681b84e5cca9d1938;2020-11-25T00_22_43.420Z;2;0;0;0
9b6c40db29604939621b861681b84e5cca9d1938;2020-11-25T00_53_56.029Z;1;5;7;7
9b6c40db29604939621b861681b84e5cca9d1938;2020-11-25T02_26_19.071Z;0;0;0;13
9b6c40db29604939621b861681b84e5cca9d1938;2020-11-25T02_39_43.906Z;0;0;14;22
9b6c40db29604939621b861681b84e5cca9d1938;2020-11-25T03_31_21.652Z;0;1;8;28
9b6c40db29604939621b861681b84e5cca9d1938;2020-11-25T03_54_36.309Z;0;1;4;32
9b6c40db29604939621b861681b84e5cca9d1938;2020-11-25T04_58_21.498Z;0;0;14;22
9b6c40db29604939621b861681b84e5cca9d1938;2020-11-25T18_56_47.635Z;0;0;12;24
9b6c40db29604939621b861681b84e5cca9d1938;2020-11-25T19_09_08.463Z;0;0;11;25
9b6c40db29604939621b861681b84e5cca9d1938;2020-11-25T19_42_33.772Z;0;0;7;29
9b6c40db29604939621b861681b84e5cca9d1938;2020-11-25T20_10_12.571Z;0;1;4;32
9b6c40db29604939621b861681b84e5cca9d1938;2020-11-25T20_24_23.542Z;0;0;4;32
9b6c40db29604939621b861681b84e5cca9d1938;2020-11-25T20_40_27.611Z;0;0;1;35
9b6c40db29604939621b861681b84e5cca9d1938;2020-11-25T21_16_04.457Z;0;0;0;36
9b6c40db29604939621b861681b84e5cca9d1938;2020-11-25T21_28_27.064Z;0;0;0;36
9b6c40db29604939621b861681b84e5cca9d1938;2020-11-25T21_41_06.939Z;0;1;4;32
9b6c40db29604939621b861681b84e5cca9d1938;2020-11-25T22_00_01.833Z;0;0;1;35
9b6c40db29604939621b861681b84e5cca9d1938;2020-11-25T22_27_01.644Z;0;0;0;36
9b6c40db29604939621b861681b84e5cca9d1938;2020-11-25T22_37_38.492Z;0;0;0;36
9b6c40db29604939621b861681b84e5cca9d1938;2020-11-25T23_26_23.561Z;0;0;0;36
9b6c40db29604939621b861681b84e5cca9d1938;2020-11-25T23_30_23.130Z;0;0;0;36
9c24a65c462341379b6429283ac93737801f9389;2020-11-17T05_20_21.968Z;1;0;0;0
9c24a65c462341379b6429283ac93737801f9389;2020-11-17T05_21_21.343Z;0;0;0;13
9c24a65c462341379b6429283ac93737801f9389;2020-11-17T05_26_25.026Z;1;0;0;17
9c24a65c462341379b6429283ac93737801f9389;2020-11-17T05_33_03.229Z;0;0;0;36
9c24a65c462341379b6429283ac93737801f9389;2020-11-17T05_37_42.758Z;0;0;0;36
9c24a65c462341379b6429283ac93737801f9389;2020-11-17T05_37_42.772Z;1;0;0;17
9c24a65c462341379b6429283ac93737801f9389;2020-11-17T05_51_17.253Z;0;0;0;36
9c24a65c462341379b6429283ac93737801f9389;2020-11-17T06_15_48.603Z;0;0;13;23
9c24a65c462341379b6429283ac93737801f9389;2020-11-17T07_02_00.608Z;0;0;0;36
9c24a65c462341379b6429283ac93737801f9389;2020-11-17T07_15_32.832Z;0;1;1;35
9c24a65c462341379b6429283ac93737801f9389;2020-11-17T17_25_49.538Z;0;1;13;23
9c24a65c462341379b6429283ac93737801f9389;2020-11-17T18_56_33.015Z;0;0;0;36
9c24a65c462341379b6429283ac93737801f9389;2020-11-17T18_56_49.811Z;0;0;0;36
9c24a65c462341379b6429283ac93737801f9389;2020-11-17T19_23_30.317Z;0;1;1;35
9c24a65c462341379b6429283ac93737801f9389;2020-11-23T04_14_15.681Z;0;0;0;36
9c24a65c462341379b6429283ac93737801f9389;2020-11-23T04_14_37.296Z;0;1;1;35
9c24a65c462341379b6429283ac93737801f9389;2020-11-23T22_20_05.116Z;0;0;0;36
9c24a65c462341379b6429283ac93737801f9389;2020-11-23T22_22_24.824Z;0;1;13;23
9c24a65c462341379b6429283ac93737801f9389;2020-11-23T22_56_45.720Z;0;1;13;23
9c24a65c462341379b6429283ac93737801f9389;2020-11-24T00_32_59.266Z;0;1;1;35
9c24a65c462341379b6429283ac93737801f9389;2020-11-24T01_16_50.664Z;0;0;12;24
9c24a65c462341379b6429283ac93737801f9389;2020-11-24T02_03_42.057Z;1;0;0;17
9c24a65c462341379b6429283ac93737801f9389;2020-11-24T04_07_11.299Z;1;0;0;17
9c24a65c462341379b6429283ac93737801f9389;2020-11-24T04_18_12.632Z;0;1;1;35
9c24a65c462341379b6429283ac93737801f9389;2020-11-24T04_37_07.702Z;1;0;0;17
9c24a65c462341379b6429283ac93737801f9389;2020-11-24T17_40_10.516Z;0;1;1;35
9c24a65c462341379b6429283ac93737801f9389;2020-11-24T18_00_34.866Z;0;1;1;35
9c24a65c462341379b6429283ac93737801f9389;2020-11-24T18_36_46.179Z;0;1;1;35
9c24a65c462341379b6429283ac93737801f9389;2020-11-24T19_13_28.601Z;0;1;1;35
9c24a65c462341379b6429283ac93737801f9389;2020-11-24T19_28_22.807Z;0;0;0;36
9c24a65c462341379b6429283ac93737801f9389;2020-11-24T19_29_57.753Z;0;0;0;36
9c24a65c462341379b6429283ac93737801f9389;2020-11-24T21_23_15.877Z;0;0;0;36
9c24a65c462341379b6429283ac93737801f9389;2020-11-24T21_39_09.788Z;0;0;0;36
9c24a65c462341379b6429283ac93737801f9389;2020-11-24T22_17_40.808Z;0;0;0;36
9c24a65c462341379b6429283ac93737801f9389;2020-11-24T22_17_40.823Z;0;0;0;36
9e9976283823c7044a8ba42785855e9e16dc9134;2020-11-25T05_49_41.321Z;1;0;0;0
9e9976283823c7044a8ba42785855e9e16dc9134;2020-11-25T05_51_15.204Z;0;0;0;13
9e9976283823c7044a8ba42785855e9e16dc9134;2020-11-25T05_51_27.478Z;2;0;0;0
9e9976283823c7044a8ba42785855e9e16dc9134;2020-11-25T05_52_36.062Z;1;0;0;17
9e9976283823c7044a8ba42785855e9e16dc9134;2020-11-25T06_47_19.200Z;0;1;13;23
9e9976283823c7044a8ba42785855e9e16dc9134;2020-11-25T07_30_45.704Z;0;3;7;29
9e9976283823c7044a8ba42785855e9e16dc9134;2020-11-25T08_27_30.808Z;0;3;3;33
9e9976283823c7044a8ba42785855e9e16dc9134;2020-11-25T22_37_38.232Z;0;1;13;23
9e9976283823c7044a8ba42785855e9e16dc9134;2020-11-25T23_59_50.778Z;0;2;9;27
9e9976283823c7044a8ba42785855e9e16dc9134;2020-11-26T00_32_54.666Z;0;4;9;27
9e9976283823c7044a8ba42785855e9e16dc9134;2020-11-26T00_44_12.309Z;0;4;9;27
9e9976283823c7044a8ba42785855e9e16dc9134;2020-11-26T01_14_35.297Z;0;4;5;31
9e9976283823c7044a8ba42785855e9e16dc9134;2020-11-26T01_20_34.615Z;0;0;0;36
9e9976283823c7044a8ba42785855e9e16dc9134;2020-11-26T01_33_54.884Z;0;0;0;36
9e9976283823c7044a8ba42785855e9e16dc9134;2020-11-28T00_18_55.120Z;0;1;1;35
9e9976283823c7044a8ba42785855e9e16dc9134;2020-11-28T00_25_27.067Z;0;2;3;33
9e9976283823c7044a8ba42785855e9e16dc9134;2020-11-28T00_38_58.810Z;0;1;1;35
9e9976283823c7044a8ba42785855e9e16dc9134;2020-11-28T00_47_18.402Z;0;2;3;33
9e9976283823c7044a8ba42785855e9e16dc9134;2020-11-28T00_58_43.539Z;0;0;0;36
9e9976283823c7044a8ba42785855e9e16dc9134;2020-11-28T01_09_37.207Z;0;0;0;36
9e9976283823c7044a8ba42785855e9e16dc9134;2020-11-28T01_25_25.362Z;0;0;0;36
9e9976283823c7044a8ba42785855e9e16dc9134;2020-11-28T01_26_31.344Z;0;0;0;36
9e9976283823c7044a8ba42785855e9e16dc9134;2020-11-28T02_30_54.488Z;0;0;0;36
9e9976283823c7044a8ba42785855e9e16dc9134;2020-11-28T02_49_37.839Z;0;0;0;36
9e9976283823c7044a8ba42785855e9e16dc9134;2020-11-28T02_49_41.404Z;0;0;0;36
9f96ba0c0123a5b84d857f849a02a083a2fbba6b;2020-11-23T17_05_06.292Z;0;0;0;36
9f96ba0c0123a5b84d857f849a02a083a2fbba6b;2020-11-24T19_35_45.552Z;1;0;0;0
9f96ba0c0123a5b84d857f849a02a083a2fbba6b;2020-11-24T20_18_13.445Z;0;0;0;36
9f96ba0c0123a5b84d857f849a02a083a2fbba6b;2020-11-24T20_18_28.658Z;0;0;0;36
9f96ba0c0123a5b84d857f849a02a083a2fbba6b;2020-11-24T20_18_32.940Z;0;0;0;36
9f96ba0c0123a5b84d857f849a02a083a2fbba6b;2020-11-24T20_50_06.628Z;0;1;1;35
9f96ba0c0123a5b84d857f849a02a083a2fbba6b;2020-11-25T16_29_01.243Z;0;1;1;35
9f96ba0c0123a5b84d857f849a02a083a2fbba6b;2020-11-25T16_29_28.125Z;0;0;0;36
9f96ba0c0123a5b84d857f849a02a083a2fbba6b;2020-11-25T16_29_36.207Z;0;0;0;36
9f96ba0c0123a5b84d857f849a02a083a2fbba6b;2020-11-25T16_32_12.251Z;0;0;0;13
9f96ba0c0123a5b84d857f849a02a083a2fbba6b;2020-11-25T16_44_10.682Z;0;0;0;36
9f96ba0c0123a5b84d857f849a02a083a2fbba6b;2020-11-25T16_44_16.955Z;0;0;0;36
9f96ba0c0123a5b84d857f849a02a083a2fbba6b;2020-11-25T18_01_37.804Z;0;1;1;20
9f96ba0c0123a5b84d857f849a02a083a2fbba6b;2020-11-25T18_26_41.688Z;1;0;0;17
9f96ba0c0123a5b84d857f849a02a083a2fbba6b;2020-11-25T19_03_38.161Z;0;1;2;24
9f96ba0c0123a5b84d857f849a02a083a2fbba6b;2020-11-25T20_18_51.416Z;0;0;0;36
9f96ba0c0123a5b84d857f849a02a083a2fbba6b;2020-11-25T20_19_12.298Z;0;0;0;36
9f96ba0c0123a5b84d857f849a02a083a2fbba6b;2020-11-25T20_24_31.853Z;0;7;8;28
9f96ba0c0123a5b84d857f849a02a083a2fbba6b;2020-11-25T20_48_12.757Z;0;0;0;36
9f96ba0c0123a5b84d857f849a02a083a2fbba6b;2020-11-25T21_08_30.170Z;0;0;0;36
9f96ba0c0123a5b84d857f849a02a083a2fbba6b;2020-11-25T21_20_08.781Z;0;0;0;36
a0c979eb2ed3dd7ed0809650ab784850de9afadc;2020-11-15T21_19_54.940Z;1;0;0;0
a0c979eb2ed3dd7ed0809650ab784850de9afadc;2020-11-15T21_20_39.018Z;0;0;0;13
a0c979eb2ed3dd7ed0809650ab784850de9afadc;2020-11-15T21_23_55.835Z;2;0;0;0
a0c979eb2ed3dd7ed0809650ab784850de9afadc;2020-11-15T21_24_06.378Z;1;0;0;17
a0c979eb2ed3dd7ed0809650ab784850de9afadc;2020-11-24T02_41_30.654Z;0;8;10;26
a0c979eb2ed3dd7ed0809650ab784850de9afadc;2020-11-24T02_43_56.456Z;0;6;6;30
a0c979eb2ed3dd7ed0809650ab784850de9afadc;2020-11-25T21_53_10.898Z;0;8;10;26
a0c979eb2ed3dd7ed0809650ab784850de9afadc;2020-11-25T22_40_29.480Z;0;8;10;26
a0c979eb2ed3dd7ed0809650ab784850de9afadc;2020-11-27T00_28_51.111Z;0;2;4;32
a0c979eb2ed3dd7ed0809650ab784850de9afadc;2020-11-27T00_29_21.566Z;0;0;0;36
a0c979eb2ed3dd7ed0809650ab784850de9afadc;2020-11-27T01_00_43.056Z;0;2;4;32
a0c979eb2ed3dd7ed0809650ab784850de9afadc;2020-11-27T01_57_17.600Z;0;2;4;32
a0c979eb2ed3dd7ed0809650ab784850de9afadc;2020-11-27T03_05_50.959Z;0;2;4;32
a0c979eb2ed3dd7ed0809650ab784850de9afadc;2020-11-27T03_54_38.451Z;0;2;4;32
a0c979eb2ed3dd7ed0809650ab784850de9afadc;2020-11-27T04_37_45.908Z;0;2;4;32
a0c979eb2ed3dd7ed0809650ab784850de9afadc;2020-11-27T05_01_07.962Z;0;3;9;27
a0cef07197a2d3435d6f57d5e90ea32e0e18d44e;2020-11-26T00_25_54.873Z;1;0;0;0
a0cef07197a2d3435d6f57d5e90ea32e0e18d44e;2020-11-26T00_32_06.545Z;2;0;0;0
a0cef07197a2d3435d6f57d5e90ea32e0e18d44e;2020-11-26T01_01_48.350Z;2;0;0;0
a0cef07197a2d3435d6f57d5e90ea32e0e18d44e;2020-11-26T04_10_47.748Z;0;1;5;31
a0cef07197a2d3435d6f57d5e90ea32e0e18d44e;2020-11-26T04_12_49.300Z;0;0;0;13
a0cef07197a2d3435d6f57d5e90ea32e0e18d44e;2020-11-26T04_41_19.045Z;0;0;4;32
a0cef07197a2d3435d6f57d5e90ea32e0e18d44e;2020-11-26T04_57_57.958Z;1;0;0;17
a0cef07197a2d3435d6f57d5e90ea32e0e18d44e;2021-01-23T00_44_52.086Z;1;0;0;17
a0cef07197a2d3435d6f57d5e90ea32e0e18d44e;2021-01-23T03_36_55.549Z;1;0;0;17
a0cef07197a2d3435d6f57d5e90ea32e0e18d44e;2021-01-23T06_18_40.471Z;1;0;0;17
a0cef07197a2d3435d6f57d5e90ea32e0e18d44e;2021-01-23T06_55_59.789Z;1;0;0;17
a0cef07197a2d3435d6f57d5e90ea32e0e18d44e;2021-01-23T22_42_06.388Z;0;2;8;28
a0cef07197a2d3435d6f57d5e90ea32e0e18d44e;2021-01-23T23_31_32.433Z;0;2;8;28
a0cef07197a2d3435d6f57d5e90ea32e0e18d44e;2021-01-24T00_33_58.812Z;0;0;4;30
a0cef07197a2d3435d6f57d5e90ea32e0e18d44e;2021-01-24T02_38_52.367Z;0;2;6;30
a10b795c0a8f5add8833833866721769c75aa371;2020-11-26T13_11_30.007Z;1;0;0;0
a10b795c0a8f5add8833833866721769c75aa371;2020-11-26T13_12_24.552Z;1;0;0;0
a10b795c0a8f5add8833833866721769c75aa371;2020-11-26T13_12_32.346Z;0;0;0;13
a10b795c0a8f5add8833833866721769c75aa371;2020-11-26T13_12_53.273Z;0;0;0;17
a10b795c0a8f5add8833833866721769c75aa371;2020-11-26T15_17_52.558Z;0;0;0;36
a10b795c0a8f5add8833833866721769c75aa371;2020-11-26T16_38_38.370Z;0;0;1;25
a10b795c0a8f5add8833833866721769c75aa371;2020-11-26T17_15_02.234Z;0;3;7;29
a10b795c0a8f5add8833833866721769c75aa371;2020-11-26T17_30_54.669Z;0;4;5;31
a10b795c0a8f5add8833833866721769c75aa371;2020-11-26T17_48_03.514Z;0;4;4;32
a10b795c0a8f5add8833833866721769c75aa371;2020-11-26T17_49_04.295Z;0;0;0;36
a10b795c0a8f5add8833833866721769c75aa371;2020-11-26T18_20_15.980Z;0;0;0;36
a10b795c0a8f5add8833833866721769c75aa371;2020-11-26T18_34_07.400Z;0;0;0;36
a10b795c0a8f5add8833833866721769c75aa371;2020-11-26T18_34_33.969Z;0;4;5;31
a10b795c0a8f5add8833833866721769c75aa371;2020-11-26T18_50_53.088Z;0;0;0;36
a10b795c0a8f5add8833833866721769c75aa371;2020-11-26T18_58_17.425Z;0;4;5;31
a10b795c0a8f5add8833833866721769c75aa371;2020-11-26T19_18_52.290Z;0;4;5;31
a10b795c0a8f5add8833833866721769c75aa371;2020-11-26T19_42_44.214Z;0;0;0;36
a2ed97ccae0bb30d89307c34d163ec2761a8eacd;2020-11-19T22_41_52.424Z;1;0;0;0
a2ed97ccae0bb30d89307c34d163ec2761a8eacd;2020-11-19T22_49_30.544Z;2;0;0;0
a2ed97ccae0bb30d89307c34d163ec2761a8eacd;2020-11-19T23_37_08.509Z;1;0;0;0
a2ed97ccae0bb30d89307c34d163ec2761a8eacd;2020-11-19T23_55_13.956Z;1;0;5;3
a2ed97ccae0bb30d89307c34d163ec2761a8eacd;2020-11-20T00_24_34.472Z;1;0;9;4
a2ed97ccae0bb30d89307c34d163ec2761a8eacd;2020-11-20T17_00_49.893Z;2;0;0;0
a2ed97ccae0bb30d89307c34d163ec2761a8eacd;2020-11-20T17_19_39.654Z;2;0;0;0
a2ed97ccae0bb30d89307c34d163ec2761a8eacd;2020-11-20T17_57_07.656Z;2;0;0;0
a2ed97ccae0bb30d89307c34d163ec2761a8eacd;2020-11-20T18_08_53.615Z;2;0;0;0
a2ed97ccae0bb30d89307c34d163ec2761a8eacd;2020-11-20T22_11_56.830Z;0;0;0;36
a2ed97ccae0bb30d89307c34d163ec2761a8eacd;2020-11-20T22_12_33.879Z;2;0;0;0
a2ed97ccae0bb30d89307c34d163ec2761a8eacd;2020-11-20T22_36_31.567Z;0;0;0;36
a2ed97ccae0bb30d89307c34d163ec2761a8eacd;2020-11-20T22_48_27.590Z;0;0;0;36
a2ed97ccae0bb30d89307c34d163ec2761a8eacd;2020-11-20T22_48_29.527Z;0;0;0;36
a2ed97ccae0bb30d89307c34d163ec2761a8eacd;2020-11-20T22_56_27.245Z;2;0;0;0
a2ed97ccae0bb30d89307c34d163ec2761a8eacd;2020-11-20T23_21_29.672Z;2;0;0;0
a2ed97ccae0bb30d89307c34d163ec2761a8eacd;2020-11-21T00_51_31.990Z;0;1;8;28
a2ed97ccae0bb30d89307c34d163ec2761a8eacd;2020-11-21T01_57_18.702Z;0;1;8;28
a2ed97ccae0bb30d89307c34d163ec2761a8eacd;2020-11-21T02_29_36.777Z;0;1;8;28
a2ed97ccae0bb30d89307c34d163ec2761a8eacd;2020-11-21T16_58_40.696Z;0;0;0;36
a2ed97ccae0bb30d89307c34d163ec2761a8eacd;2020-11-21T20_31_01.197Z;2;0;0;0
a2ed97ccae0bb30d89307c34d163ec2761a8eacd;2020-11-21T21_14_12.974Z;0;0;0;36
a2ed97ccae0bb30d89307c34d163ec2761a8eacd;2020-11-21T21_14_13.199Z;2;0;0;0
a2ed97ccae0bb30d89307c34d163ec2761a8eacd;2020-11-21T21_26_15.629Z;0;0;0;36
a2ed97ccae0bb30d89307c34d163ec2761a8eacd;2020-11-21T21_49_04.456Z;2;0;0;0
a2ed97ccae0bb30d89307c34d163ec2761a8eacd;2020-11-22T00_19_14.520Z;0;0;0;36
a2ed97ccae0bb30d89307c34d163ec2761a8eacd;2020-11-22T00_19_17.649Z;0;0;0;36
a2ed97ccae0bb30d89307c34d163ec2761a8eacd;2020-11-22T00_20_36.996Z;2;0;0;0
a2ed97ccae0bb30d89307c34d163ec2761a8eacd;2020-11-22T00_50_51.083Z;0;1;8;28
a2ed97ccae0bb30d89307c34d163ec2761a8eacd;2020-11-22T01_05_16.427Z;0;1;8;28
a2ed97ccae0bb30d89307c34d163ec2761a8eacd;2020-11-22T01_46_19.644Z;1;1;5;4
a2ed97ccae0bb30d89307c34d163ec2761a8eacd;2020-11-22T02_22_47.736Z;1;1;5;4
a2ed97ccae0bb30d89307c34d163ec2761a8eacd;2020-11-22T02_56_23.044Z;2;0;0;0
a2ed97ccae0bb30d89307c34d163ec2761a8eacd;2020-11-22T03_24_40.609Z;2;0;0;0
a2ed97ccae0bb30d89307c34d163ec2761a8eacd;2020-11-22T03_54_14.456Z;2;0;0;0
a2ed97ccae0bb30d89307c34d163ec2761a8eacd;2020-11-22T04_07_46.829Z;0;0;0;13
a2ed97ccae0bb30d89307c34d163ec2761a8eacd;2020-11-22T04_10_48.548Z;1;0;0;17
a2ed97ccae0bb30d89307c34d163ec2761a8eacd;2020-11-22T19_54_11.027Z;1;0;0;17
a2ed97ccae0bb30d89307c34d163ec2761a8eacd;2020-11-22T19_54_31.136Z;0;0;0;36
a2ed97ccae0bb30d89307c34d163ec2761a8eacd;2020-11-22T20_15_26.183Z;2;0;0;0
a2ed97ccae0bb30d89307c34d163ec2761a8eacd;2020-11-22T20_30_42.938Z;0;2;12;24
a2ed97ccae0bb30d89307c34d163ec2761a8eacd;2020-11-22T20_37_16.855Z;0;0;0;17
a2ed97ccae0bb30d89307c34d163ec2761a8eacd;2020-11-23T00_14_10.966Z;1;0;0;17
a2ed97ccae0bb30d89307c34d163ec2761a8eacd;2020-11-23T01_21_44.051Z;0;0;3;19
a2ed97ccae0bb30d89307c34d163ec2761a8eacd;2020-11-23T02_34_06.712Z;0;1;9;27
a2ed97ccae0bb30d89307c34d163ec2761a8eacd;2020-11-23T19_01_08.981Z;1;0;0;17
a2ed97ccae0bb30d89307c34d163ec2761a8eacd;2020-11-23T19_11_55.678Z;1;0;0;17
a2ed97ccae0bb30d89307c34d163ec2761a8eacd;2020-11-23T19_30_34.375Z;0;0;3;19
a2ed97ccae0bb30d89307c34d163ec2761a8eacd;2020-11-23T20_16_31.316Z;0;1;4;18
a2ed97ccae0bb30d89307c34d163ec2761a8eacd;2020-11-24T23_57_58.549Z;1;0;0;17
a2ed97ccae0bb30d89307c34d163ec2761a8eacd;2020-11-25T00_36_10.154Z;1;0;0;17
a2ed97ccae0bb30d89307c34d163ec2761a8eacd;2020-11-25T05_49_06.793Z;0;4;11;25
a2ed97ccae0bb30d89307c34d163ec2761a8eacd;2020-11-25T16_24_30.872Z;0;5;9;27
a2ed97ccae0bb30d89307c34d163ec2761a8eacd;2020-11-25T16_59_40.834Z;0;0;2;34
a2ed97ccae0bb30d89307c34d163ec2761a8eacd;2020-11-25T19_34_08.189Z;0;0;0;36
a2ed97ccae0bb30d89307c34d163ec2761a8eacd;2020-11-25T19_40_33.870Z;1;0;0;17
a2ed97ccae0bb30d89307c34d163ec2761a8eacd;2020-11-25T20_22_54.487Z;1;0;0;17
a2ed97ccae0bb30d89307c34d163ec2761a8eacd;2020-11-25T20_45_10.551Z;0;0;0;36
a2ed97ccae0bb30d89307c34d163ec2761a8eacd;2020-11-25T20_45_10.563Z;0;0;0;36
a2ed97ccae0bb30d89307c34d163ec2761a8eacd;2020-11-25T20_45_10.574Z;0;0;0;36
a2ed97ccae0bb30d89307c34d163ec2761a8eacd;2020-11-25T20_45_10.582Z;1;0;0;17
a2ed97ccae0bb30d89307c34d163ec2761a8eacd;2020-11-25T23_19_05.622Z;0;3;4;28
a2ed97ccae0bb30d89307c34d163ec2761a8eacd;2020-11-25T23_54_55.483Z;0;4;8;28
a2ed97ccae0bb30d89307c34d163ec2761a8eacd;2020-11-26T04_30_18.686Z;1;0;0;17
a2ed97ccae0bb30d89307c34d163ec2761a8eacd;2020-11-26T05_27_44.004Z;0;4;5;31
a2ed97ccae0bb30d89307c34d163ec2761a8eacd;2020-11-26T05_46_17.100Z;1;0;0;17
a2ed97ccae0bb30d89307c34d163ec2761a8eacd;2020-11-26T06_26_26.039Z;1;0;0;17
a2ed97ccae0bb30d89307c34d163ec2761a8eacd;2020-11-26T17_21_58.247Z;0;5;5;31
a2ed97ccae0bb30d89307c34d163ec2761a8eacd;2020-11-26T18_09_07.266Z;0;2;2;34
a2ed97ccae0bb30d89307c34d163ec2761a8eacd;2020-11-26T18_50_30.819Z;0;2;2;34
a2ed97ccae0bb30d89307c34d163ec2761a8eacd;2020-11-26T18_53_05.709Z;0;0;0;36
a2ed97ccae0bb30d89307c34d163ec2761a8eacd;2020-11-26T19_13_52.659Z;0;0;0;36
a2ed97ccae0bb30d89307c34d163ec2761a8eacd;2020-11-26T20_40_02.704Z;0;2;2;34
a2ed97ccae0bb30d89307c34d163ec2761a8eacd;2020-11-27T00_55_05.239Z;0;2;4;32
a2ed97ccae0bb30d89307c34d163ec2761a8eacd;2020-11-27T01_07_25.434Z;1;0;0;17
a2ed97ccae0bb30d89307c34d163ec2761a8eacd;2020-11-27T05_46_15.510Z;1;0;0;17
a2ed97ccae0bb30d89307c34d163ec2761a8eacd;2020-11-27T06_42_16.202Z;0;2;4;32
a2ed97ccae0bb30d89307c34d163ec2761a8eacd;2020-11-27T07_02_59.626Z;0;0;4;32
a2ed97ccae0bb30d89307c34d163ec2761a8eacd;2020-11-27T16_13_56.304Z;0;0;0;36
a2ed97ccae0bb30d89307c34d163ec2761a8eacd;2020-11-27T16_48_10.593Z;0;0;2;34
a2ed97ccae0bb30d89307c34d163ec2761a8eacd;2020-11-27T17_14_45.963Z;0;0;0;36
a2ed97ccae0bb30d89307c34d163ec2761a8eacd;2020-11-27T17_24_10.127Z;0;0;2;34
a2ed97ccae0bb30d89307c34d163ec2761a8eacd;2020-11-27T18_07_04.376Z;0;0;0;36
a2ed97ccae0bb30d89307c34d163ec2761a8eacd;2020-12-14T22_10_57.226Z;0;0;0;36
a301279665527c8fa4add8ad5a7d04c50fc2ea12;2020-11-17T01_05_34.787Z;0;0;0;36
a301279665527c8fa4add8ad5a7d04c50fc2ea12;2020-11-17T01_08_09.023Z;0;0;0;36
a301279665527c8fa4add8ad5a7d04c50fc2ea12;2020-11-17T01_08_16.781Z;2;0;0;0
a301279665527c8fa4add8ad5a7d04c50fc2ea12;2020-11-17T01_30_26.195Z;0;0;0;13
a301279665527c8fa4add8ad5a7d04c50fc2ea12;2020-11-17T01_30_33.297Z;0;0;0;17
a301279665527c8fa4add8ad5a7d04c50fc2ea12;2020-11-17T01_47_37.673Z;0;0;0;36
a301279665527c8fa4add8ad5a7d04c50fc2ea12;2020-11-17T01_47_42.917Z;0;0;0;36
a301279665527c8fa4add8ad5a7d04c50fc2ea12;2020-11-17T01_47_48.054Z;0;0;0;36
a301279665527c8fa4add8ad5a7d04c50fc2ea12;2020-11-17T01_47_53.318Z;0;0;0;36
a301279665527c8fa4add8ad5a7d04c50fc2ea12;2020-11-17T02_30_11.125Z;0;1;5;31
a301279665527c8fa4add8ad5a7d04c50fc2ea12;2020-11-17T05_55_27.225Z;0;1;5;31
a301279665527c8fa4add8ad5a7d04c50fc2ea12;2020-11-17T17_51_55.219Z;0;1;1;35
a301279665527c8fa4add8ad5a7d04c50fc2ea12;2020-11-17T17_51_55.226Z;0;0;0;36
a301279665527c8fa4add8ad5a7d04c50fc2ea12;2020-11-17T17_51_55.233Z;0;0;0;36
a301279665527c8fa4add8ad5a7d04c50fc2ea12;2020-11-17T18_55_09.814Z;0;0;0;17
a301279665527c8fa4add8ad5a7d04c50fc2ea12;2020-11-17T23_46_25.542Z;1;0;0;17
a301279665527c8fa4add8ad5a7d04c50fc2ea12;2020-11-18T02_11_53.312Z;0;3;3;33
a301279665527c8fa4add8ad5a7d04c50fc2ea12;2020-11-18T02_13_27.191Z;0;0;0;36
a301279665527c8fa4add8ad5a7d04c50fc2ea12;2020-11-18T02_18_33.459Z;0;0;0;36
a301279665527c8fa4add8ad5a7d04c50fc2ea12;2020-11-18T02_48_38.016Z;0;1;1;35
a301279665527c8fa4add8ad5a7d04c50fc2ea12;2020-11-18T03_04_07.071Z;0;3;4;32
a301279665527c8fa4add8ad5a7d04c50fc2ea12;2020-11-18T10_06_36.718Z;0;0;0;36
a301279665527c8fa4add8ad5a7d04c50fc2ea12;2020-11-18T10_41_03.814Z;0;0;0;36
a301279665527c8fa4add8ad5a7d04c50fc2ea12;2020-11-18T11_12_41.724Z;0;0;0;36
a301279665527c8fa4add8ad5a7d04c50fc2ea12;2020-11-18T11_16_03.757Z;0;0;0;36
a301279665527c8fa4add8ad5a7d04c50fc2ea12;2020-11-18T20_17_33.911Z;0;0;0;36
a301279665527c8fa4add8ad5a7d04c50fc2ea12;2020-11-18T20_17_33.921Z;0;0;0;36
a301279665527c8fa4add8ad5a7d04c50fc2ea12;2020-11-18T20_17_33.928Z;0;0;0;36
a301279665527c8fa4add8ad5a7d04c50fc2ea12;2020-11-18T20_18_03.164Z;0;0;0;36
a4e9bd7a39a4a3fa3ba6fa3d9fcc4226d3d63a46;2020-11-17T07_04_46.653Z;1;0;0;0
a4e9bd7a39a4a3fa3ba6fa3d9fcc4226d3d63a46;2020-11-17T08_28_23.384Z;2;0;0;0
a4e9bd7a39a4a3fa3ba6fa3d9fcc4226d3d63a46;2020-11-17T08_47_11.718Z;0;0;0;36
a4e9bd7a39a4a3fa3ba6fa3d9fcc4226d3d63a46;2020-11-17T08_49_09.629Z;0;17;18;18
a4e9bd7a39a4a3fa3ba6fa3d9fcc4226d3d63a46;2020-11-23T08_17_36.036Z;0;0;0;36
a4e9bd7a39a4a3fa3ba6fa3d9fcc4226d3d63a46;2020-11-23T08_19_39.970Z;0;0;0;36
a4e9bd7a39a4a3fa3ba6fa3d9fcc4226d3d63a46;2020-11-23T08_19_45.263Z;0;0;0;36
a4e9bd7a39a4a3fa3ba6fa3d9fcc4226d3d63a46;2020-11-23T08_29_04.506Z;0;0;0;13
a4e9bd7a39a4a3fa3ba6fa3d9fcc4226d3d63a46;2020-11-23T08_31_31.957Z;0;0;13;23
a4e9bd7a39a4a3fa3ba6fa3d9fcc4226d3d63a46;2020-11-23T08_36_14.071Z;0;6;11;25
a4e9bd7a39a4a3fa3ba6fa3d9fcc4226d3d63a46;2020-11-24T01_20_44.957Z;2;0;0;0
a4e9bd7a39a4a3fa3ba6fa3d9fcc4226d3d63a46;2020-11-24T07_58_59.981Z;0;2;4;32
a4e9bd7a39a4a3fa3ba6fa3d9fcc4226d3d63a46;2020-11-24T09_22_10.047Z;0;0;13;23
a4e9bd7a39a4a3fa3ba6fa3d9fcc4226d3d63a46;2020-11-24T09_45_15.133Z;0;0;13;23
a4e9bd7a39a4a3fa3ba6fa3d9fcc4226d3d63a46;2020-11-24T10_23_56.619Z;0;0;13;23
a4e9bd7a39a4a3fa3ba6fa3d9fcc4226d3d63a46;2020-11-24T21_50_24.492Z;0;0;13;23
a4e9bd7a39a4a3fa3ba6fa3d9fcc4226d3d63a46;2020-11-25T03_01_40.998Z;0;0;7;29
a4e9bd7a39a4a3fa3ba6fa3d9fcc4226d3d63a46;2020-11-25T04_02_52.125Z;0;0;1;35
a4e9bd7a39a4a3fa3ba6fa3d9fcc4226d3d63a46;2020-11-25T04_21_15.741Z;0;0;0;36
a4e9bd7a39a4a3fa3ba6fa3d9fcc4226d3d63a46;2020-11-25T06_05_08.963Z;0;0;1;35
a4e9bd7a39a4a3fa3ba6fa3d9fcc4226d3d63a46;2020-11-25T06_10_45.764Z;0;0;0;36
a4e9bd7a39a4a3fa3ba6fa3d9fcc4226d3d63a46;2020-11-25T20_10_18.208Z;0;0;1;35
a4e9bd7a39a4a3fa3ba6fa3d9fcc4226d3d63a46;2020-11-25T20_21_28.042Z;0;0;1;35
a89be8df0626f0b9957032dd58fdeab74412a8b5;2020-11-14T22_07_25.341Z;1;0;0;0
a89be8df0626f0b9957032dd58fdeab74412a8b5;2020-11-14T22_09_51.172Z;2;0;0;0
a89be8df0626f0b9957032dd58fdeab74412a8b5;2020-11-15T19_47_56.392Z;2;0;0;0
a89be8df0626f0b9957032dd58fdeab74412a8b5;2020-11-16T03_16_38.656Z;2;0;0;0
a89be8df0626f0b9957032dd58fdeab74412a8b5;2020-11-16T03_31_13.384Z;2;0;0;0
a89be8df0626f0b9957032dd58fdeab74412a8b5;2020-11-16T18_12_05.908Z;0;0;0;13
a89be8df0626f0b9957032dd58fdeab74412a8b5;2020-11-16T18_16_10.003Z;0;0;13;23
a89be8df0626f0b9957032dd58fdeab74412a8b5;2020-11-16T18_23_05.951Z;0;13;14;22
a89be8df0626f0b9957032dd58fdeab74412a8b5;2020-11-21T21_08_26.996Z;2;0;0;0
a89be8df0626f0b9957032dd58fdeab74412a8b5;2020-11-21T21_32_18.927Z;1;5;5;9
a89be8df0626f0b9957032dd58fdeab74412a8b5;2020-11-21T21_48_14.003Z;1;5;5;9
a89be8df0626f0b9957032dd58fdeab74412a8b5;2020-11-21T22_27_16.368Z;0;2;2;34
a89be8df0626f0b9957032dd58fdeab74412a8b5;2020-11-21T22_46_20.510Z;1;0;0;17
a89be8df0626f0b9957032dd58fdeab74412a8b5;2020-11-22T20_54_36.686Z;1;0;0;17
a89be8df0626f0b9957032dd58fdeab74412a8b5;2020-11-22T21_28_40.390Z;1;0;0;17
a89be8df0626f0b9957032dd58fdeab74412a8b5;2020-11-22T21_49_49.593Z;1;0;0;17
a89be8df0626f0b9957032dd58fdeab74412a8b5;2020-11-22T22_21_22.171Z;0;0;13;23
a89be8df0626f0b9957032dd58fdeab74412a8b5;2020-11-22T22_57_32.028Z;0;0;13;23
a89be8df0626f0b9957032dd58fdeab74412a8b5;2020-11-23T04_28_08.095Z;0;0;13;23
a89be8df0626f0b9957032dd58fdeab74412a8b5;2020-11-23T19_34_01.358Z;1;0;0;17
a89be8df0626f0b9957032dd58fdeab74412a8b5;2020-11-23T20_17_11.808Z;0;1;7;27
a89be8df0626f0b9957032dd58fdeab74412a8b5;2020-11-23T20_49_10.525Z;0;1;7;27
a89be8df0626f0b9957032dd58fdeab74412a8b5;2020-11-24T17_40_11.083Z;0;1;7;27
a89be8df0626f0b9957032dd58fdeab74412a8b5;2020-11-24T18_00_43.817Z;0;0;6;30
a89be8df0626f0b9957032dd58fdeab74412a8b5;2020-11-24T18_31_18.210Z;1;0;0;17
a89be8df0626f0b9957032dd58fdeab74412a8b5;2020-11-24T18_49_28.477Z;0;6;6;30
a89be8df0626f0b9957032dd58fdeab74412a8b5;2020-11-24T18_56_40.254Z;0;2;2;34
a89be8df0626f0b9957032dd58fdeab74412a8b5;2020-11-24T20_07_00.614Z;0;2;2;34
a89be8df0626f0b9957032dd58fdeab74412a8b5;2020-11-24T20_21_11.991Z;0;2;2;34
a89be8df0626f0b9957032dd58fdeab74412a8b5;2020-11-24T20_40_13.370Z;0;2;2;34
a89be8df0626f0b9957032dd58fdeab74412a8b5;2020-11-24T20_42_10.893Z;0;6;6;30
a89be8df0626f0b9957032dd58fdeab74412a8b5;2020-11-24T21_19_55.629Z;0;6;6;30
a89be8df0626f0b9957032dd58fdeab74412a8b5;2020-11-24T21_35_56.162Z;0;0;0;36
a89be8df0626f0b9957032dd58fdeab74412a8b5;2020-11-24T21_37_52.115Z;0;0;0;36
a96f6211648f9ecbd94850e4271c8cfe29f7ddfb;2020-11-15T23_44_02.945Z;1;0;0;0
a96f6211648f9ecbd94850e4271c8cfe29f7ddfb;2020-11-15T23_46_14.618Z;2;0;0;0
a96f6211648f9ecbd94850e4271c8cfe29f7ddfb;2020-11-15T23_46_39.450Z;0;0;0;13
a96f6211648f9ecbd94850e4271c8cfe29f7ddfb;2020-11-15T23_48_46.678Z;1;0;0;17
a96f6211648f9ecbd94850e4271c8cfe29f7ddfb;2020-11-25T03_34_46.081Z;1;0;0;17
a96f6211648f9ecbd94850e4271c8cfe29f7ddfb;2020-11-25T03_47_31.145Z;0;0;13;23
a96f6211648f9ecbd94850e4271c8cfe29f7ddfb;2020-11-25T03_53_42.508Z;2;0;0;0
a96f6211648f9ecbd94850e4271c8cfe29f7ddfb;2020-11-25T04_42_53.846Z;0;0;6;30
a96f6211648f9ecbd94850e4271c8cfe29f7ddfb;2020-11-25T05_12_34.681Z;0;0;6;30
a96f6211648f9ecbd94850e4271c8cfe29f7ddfb;2020-11-25T15_09_58.130Z;0;0;6;30
a96f6211648f9ecbd94850e4271c8cfe29f7ddfb;2020-11-25T15_37_37.292Z;0;0;6;30
a96f6211648f9ecbd94850e4271c8cfe29f7ddfb;2020-11-25T16_00_49.576Z;0;0;2;34
a96f6211648f9ecbd94850e4271c8cfe29f7ddfb;2020-11-25T17_06_55.645Z;0;0;13;23
a96f6211648f9ecbd94850e4271c8cfe29f7ddfb;2020-11-25T18_35_22.053Z;0;0;6;30
a96f6211648f9ecbd94850e4271c8cfe29f7ddfb;2020-11-25T18_53_18.351Z;1;0;0;17
a96f6211648f9ecbd94850e4271c8cfe29f7ddfb;2020-11-25T19_18_56.650Z;0;0;2;34
a96f6211648f9ecbd94850e4271c8cfe29f7ddfb;2020-11-25T19_48_03.521Z;0;0;0;36
a96f6211648f9ecbd94850e4271c8cfe29f7ddfb;2020-11-25T20_14_48.245Z;0;0;0;36
a96f6211648f9ecbd94850e4271c8cfe29f7ddfb;2020-11-25T20_15_00.923Z;0;0;0;36
a96f6211648f9ecbd94850e4271c8cfe29f7ddfb;2020-11-25T22_12_37.312Z;0;0;0;36
a96f6211648f9ecbd94850e4271c8cfe29f7ddfb;2020-11-25T22_37_36.603Z;0;0;0;36
a96f6211648f9ecbd94850e4271c8cfe29f7ddfb;2020-11-25T22_44_22.217Z;0;0;0;36
a96f6211648f9ecbd94850e4271c8cfe29f7ddfb;2020-11-25T23_26_11.398Z;0;0;0;36
ac39e2fbeae46c23551eb54e9ffe6735af6ebbac;2020-11-16T17_55_17.196Z;0;0;0;36
ac39e2fbeae46c23551eb54e9ffe6735af6ebbac;2020-11-16T17_55_28.850Z;0;0;0;36
ac39e2fbeae46c23551eb54e9ffe6735af6ebbac;2020-11-16T23_08_16.817Z;0;0;0;36
ac39e2fbeae46c23551eb54e9ffe6735af6ebbac;2020-11-16T23_43_23.591Z;0;0;0;36
ac39e2fbeae46c23551eb54e9ffe6735af6ebbac;2020-11-21T23_35_26.892Z;0;0;0;36
ac39e2fbeae46c23551eb54e9ffe6735af6ebbac;2020-11-22T05_29_13.156Z;0;0;0;36
ac39e2fbeae46c23551eb54e9ffe6735af6ebbac;2020-11-22T05_29_40.097Z;2;0;0;0
ac39e2fbeae46c23551eb54e9ffe6735af6ebbac;2020-11-22T05_36_09.479Z;0;2;7;29
ac39e2fbeae46c23551eb54e9ffe6735af6ebbac;2020-11-22T17_09_26.436Z;0;2;7;29
ac39e2fbeae46c23551eb54e9ffe6735af6ebbac;2020-11-22T19_56_32.754Z;0;0;0;36
ac39e2fbeae46c23551eb54e9ffe6735af6ebbac;2020-11-22T19_57_08.446Z;0;0;0;36
ac39e2fbeae46c23551eb54e9ffe6735af6ebbac;2020-11-22T20_02_09.715Z;2;0;0;0
ac39e2fbeae46c23551eb54e9ffe6735af6ebbac;2020-11-22T21_34_07.217Z;0;2;3;33
ac39e2fbeae46c23551eb54e9ffe6735af6ebbac;2020-11-22T21_48_57.836Z;2;0;0;0
ac39e2fbeae46c23551eb54e9ffe6735af6ebbac;2020-11-22T23_05_26.733Z;2;0;0;0
ac39e2fbeae46c23551eb54e9ffe6735af6ebbac;2020-11-22T23_55_29.208Z;2;0;0;0
ac39e2fbeae46c23551eb54e9ffe6735af6ebbac;2020-11-23T03_27_25.422Z;2;0;0;0
ac39e2fbeae46c23551eb54e9ffe6735af6ebbac;2020-11-23T03_39_27.110Z;2;0;0;0
ac39e2fbeae46c23551eb54e9ffe6735af6ebbac;2020-11-23T04_49_41.778Z;2;0;0;0
ac39e2fbeae46c23551eb54e9ffe6735af6ebbac;2020-11-23T17_34_32.353Z;0;2;3;33
ac39e2fbeae46c23551eb54e9ffe6735af6ebbac;2020-11-23T18_50_44.315Z;2;0;0;0
ac39e2fbeae46c23551eb54e9ffe6735af6ebbac;2020-11-24T00_02_58.218Z;0;0;0;13
ac39e2fbeae46c23551eb54e9ffe6735af6ebbac;2020-11-24T00_15_56.056Z;0;6;10;26
ac39e2fbeae46c23551eb54e9ffe6735af6ebbac;2020-11-24T00_16_40.397Z;0;2;3;33
ac39e2fbeae46c23551eb54e9ffe6735af6ebbac;2020-11-24T02_59_26.878Z;0;2;3;33
ac39e2fbeae46c23551eb54e9ffe6735af6ebbac;2020-11-24T13_51_32.633Z;0;6;10;26
ac39e2fbeae46c23551eb54e9ffe6735af6ebbac;2020-11-24T14_09_47.236Z;0;2;8;28
ac39e2fbeae46c23551eb54e9ffe6735af6ebbac;2020-11-24T14_30_12.750Z;0;4;11;25
ac39e2fbeae46c23551eb54e9ffe6735af6ebbac;2020-11-24T14_35_30.819Z;0;2;8;28
ac39e2fbeae46c23551eb54e9ffe6735af6ebbac;2020-11-24T14_48_32.723Z;0;2;3;33
ac39e2fbeae46c23551eb54e9ffe6735af6ebbac;2020-11-24T15_04_38.196Z;0;4;11;25
ac39e2fbeae46c23551eb54e9ffe6735af6ebbac;2020-11-24T15_23_50.738Z;0;4;11;25
ac39e2fbeae46c23551eb54e9ffe6735af6ebbac;2020-11-24T19_37_52.677Z;0;0;0;36
ac39e2fbeae46c23551eb54e9ffe6735af6ebbac;2020-11-24T20_37_03.606Z;0;0;0;36
ac39e2fbeae46c23551eb54e9ffe6735af6ebbac;2020-11-24T22_28_03.138Z;0;0;0;36
ac39e2fbeae46c23551eb54e9ffe6735af6ebbac;2020-11-24T22_47_19.931Z;0;0;0;36
ac39e2fbeae46c23551eb54e9ffe6735af6ebbac;2020-11-24T23_14_50.221Z;0;0;0;36
ac39e2fbeae46c23551eb54e9ffe6735af6ebbac;2020-11-25T02_37_14.473Z;0;0;0;36
ac39e2fbeae46c23551eb54e9ffe6735af6ebbac;2020-11-25T03_44_23.590Z;0;0;0;36
ac39e2fbeae46c23551eb54e9ffe6735af6ebbac;2020-11-25T04_03_52.277Z;0;0;0;36
ac39e2fbeae46c23551eb54e9ffe6735af6ebbac;2020-11-25T04_20_19.214Z;0;0;0;36
ac39e2fbeae46c23551eb54e9ffe6735af6ebbac;2020-11-25T04_55_18.221Z;0;0;0;36
ac39e2fbeae46c23551eb54e9ffe6735af6ebbac;2020-11-25T05_54_09.739Z;2;0;0;0
ac39e2fbeae46c23551eb54e9ffe6735af6ebbac;2020-11-25T05_54_22.749Z;0;0;0;36
ac39e2fbeae46c23551eb54e9ffe6735af6ebbac;2020-11-25T14_25_37.029Z;0;0;0;36
ac39e2fbeae46c23551eb54e9ffe6735af6ebbac;2020-11-25T15_07_56.821Z;0;0;0;36
ac39e2fbeae46c23551eb54e9ffe6735af6ebbac;2020-11-25T15_08_32.746Z;0;0;0;36
ac39e2fbeae46c23551eb54e9ffe6735af6ebbac;2020-11-25T15_51_12.853Z;2;0;0;0
ac39e2fbeae46c23551eb54e9ffe6735af6ebbac;2020-11-25T16_06_03.214Z;0;0;0;36
ac39e2fbeae46c23551eb54e9ffe6735af6ebbac;2020-11-25T16_11_02.536Z;0;0;0;36
ad32cd8b3114fa67f291bfe5cac9bd96401fdb0d;2020-11-22T11_07_49.231Z;0;0;0;36
ad32cd8b3114fa67f291bfe5cac9bd96401fdb0d;2020-11-22T11_08_39.903Z;0;0;0;13
ad32cd8b3114fa67f291bfe5cac9bd96401fdb0d;2020-11-22T11_09_21.086Z;0;0;0;36
ad32cd8b3114fa67f291bfe5cac9bd96401fdb0d;2020-11-22T11_09_27.745Z;1;0;0;17
ad32cd8b3114fa67f291bfe5cac9bd96401fdb0d;2020-11-22T11_09_30.094Z;0;0;0;36
ad32cd8b3114fa67f291bfe5cac9bd96401fdb0d;2020-11-23T02_07_03.857Z;0;0;0;36
ad32cd8b3114fa67f291bfe5cac9bd96401fdb0d;2020-11-23T02_22_44.438Z;0;0;0;36
ad32cd8b3114fa67f291bfe5cac9bd96401fdb0d;2020-11-23T03_08_14.625Z;0;0;0;17
ad32cd8b3114fa67f291bfe5cac9bd96401fdb0d;2020-11-23T03_08_36.504Z;0;0;0;36
ad32cd8b3114fa67f291bfe5cac9bd96401fdb0d;2020-11-23T03_09_23.790Z;2;0;0;0
ad32cd8b3114fa67f291bfe5cac9bd96401fdb0d;2020-11-23T03_17_54.723Z;2;0;0;0
ad32cd8b3114fa67f291bfe5cac9bd96401fdb0d;2020-11-23T04_01_20.329Z;2;0;0;0
ad32cd8b3114fa67f291bfe5cac9bd96401fdb0d;2020-11-23T04_17_33.419Z;0;0;13;23
ad32cd8b3114fa67f291bfe5cac9bd96401fdb0d;2020-11-23T04_44_04.929Z;0;0;0;36
ad32cd8b3114fa67f291bfe5cac9bd96401fdb0d;2020-11-23T04_44_22.456Z;0;0;0;36
ad32cd8b3114fa67f291bfe5cac9bd96401fdb0d;2020-11-23T06_41_27.188Z;0;1;1;35
ad32cd8b3114fa67f291bfe5cac9bd96401fdb0d;2020-11-23T07_03_48.352Z;0;0;0;36
ad32cd8b3114fa67f291bfe5cac9bd96401fdb0d;2020-11-23T07_03_48.368Z;0;0;0;36
ad32cd8b3114fa67f291bfe5cac9bd96401fdb0d;2020-11-23T07_03_48.376Z;0;0;0;36
ad32cd8b3114fa67f291bfe5cac9bd96401fdb0d;2020-11-23T07_07_26.405Z;0;1;1;35
ad32cd8b3114fa67f291bfe5cac9bd96401fdb0d;2020-11-23T07_15_18.983Z;1;0;0;17
ad32cd8b3114fa67f291bfe5cac9bd96401fdb0d;2020-11-23T08_36_16.336Z;0;0;11;25
ad32cd8b3114fa67f291bfe5cac9bd96401fdb0d;2020-11-23T09_36_03.411Z;0;0;10;26
ad32cd8b3114fa67f291bfe5cac9bd96401fdb0d;2020-11-23T11_38_40.071Z;1;0;0;17
ad32cd8b3114fa67f291bfe5cac9bd96401fdb0d;2020-11-23T11_53_42.747Z;0;1;1;35
ad32cd8b3114fa67f291bfe5cac9bd96401fdb0d;2020-11-23T12_02_37.271Z;0;1;4;32
ad32cd8b3114fa67f291bfe5cac9bd96401fdb0d;2020-11-23T12_31_17.485Z;0;1;5;31
ad32cd8b3114fa67f291bfe5cac9bd96401fdb0d;2020-11-23T13_04_28.272Z;0;1;5;31
ad32cd8b3114fa67f291bfe5cac9bd96401fdb0d;2020-11-23T14_50_15.546Z;0;0;4;32
ad32cd8b3114fa67f291bfe5cac9bd96401fdb0d;2020-11-23T15_42_56.530Z;1;0;0;17
ad32cd8b3114fa67f291bfe5cac9bd96401fdb0d;2020-11-23T16_22_50.524Z;0;0;0;36
ad32cd8b3114fa67f291bfe5cac9bd96401fdb0d;2020-11-23T17_09_27.336Z;0;0;0;36
ad32cd8b3114fa67f291bfe5cac9bd96401fdb0d;2020-11-23T17_25_39.760Z;0;0;0;36
ad32cd8b3114fa67f291bfe5cac9bd96401fdb0d;2020-11-23T23_10_05.329Z;0;0;0;36
ad32cd8b3114fa67f291bfe5cac9bd96401fdb0d;2020-11-23T23_18_42.323Z;0;0;0;36
ad32cd8b3114fa67f291bfe5cac9bd96401fdb0d;2020-11-23T23_23_18.055Z;0;0;0;36
af8848d505a376b4e59386d65856ccdd1ddf1afd;2020-11-18T05_26_12.153Z;0;0;0;36
af8848d505a376b4e59386d65856ccdd1ddf1afd;2020-11-18T05_29_24.580Z;0;0;0;36
af8848d505a376b4e59386d65856ccdd1ddf1afd;2020-11-19T17_46_54.437Z;0;0;0;36
af8848d505a376b4e59386d65856ccdd1ddf1afd;2020-11-19T18_14_43.335Z;0;0;0;36
af8848d505a376b4e59386d65856ccdd1ddf1afd;2020-11-19T21_29_16.339Z;0;0;0;36
af8848d505a376b4e59386d65856ccdd1ddf1afd;2020-11-19T21_31_22.740Z;0;0;0;36
af8848d505a376b4e59386d65856ccdd1ddf1afd;2020-11-19T21_34_18.525Z;0;0;0;36
af8848d505a376b4e59386d65856ccdd1ddf1afd;2020-11-19T21_34_25.382Z;2;0;0;0
af8848d505a376b4e59386d65856ccdd1ddf1afd;2020-11-19T21_34_54.310Z;0;11;11;25
af8848d505a376b4e59386d65856ccdd1ddf1afd;2020-11-19T22_01_41.472Z;0;0;5;31
af8848d505a376b4e59386d65856ccdd1ddf1afd;2020-11-19T22_24_59.346Z;0;11;11;25
af8848d505a376b4e59386d65856ccdd1ddf1afd;2020-11-20T03_02_15.589Z;0;11;11;25
af8848d505a376b4e59386d65856ccdd1ddf1afd;2020-11-26T08_32_21.187Z;0;0;4;32
af8848d505a376b4e59386d65856ccdd1ddf1afd;2020-11-26T16_33_57.771Z;0;0;0;36
af8848d505a376b4e59386d65856ccdd1ddf1afd;2020-11-26T18_59_00.905Z;0;0;0;36
af8848d505a376b4e59386d65856ccdd1ddf1afd;2020-11-26T19_05_48.628Z;0;0;0;13
af8848d505a376b4e59386d65856ccdd1ddf1afd;2020-11-26T19_10_52.628Z;0;0;7;19
af8848d505a376b4e59386d65856ccdd1ddf1afd;2020-11-26T19_42_01.593Z;0;0;3;23
af8848d505a376b4e59386d65856ccdd1ddf1afd;2020-11-26T21_24_11.749Z;1;0;0;17
af8848d505a376b4e59386d65856ccdd1ddf1afd;2020-11-26T21_25_24.468Z;2;0;0;0
af8848d505a376b4e59386d65856ccdd1ddf1afd;2020-11-26T21_43_11.674Z;0;0;0;36
af8848d505a376b4e59386d65856ccdd1ddf1afd;2020-11-26T22_21_28.823Z;0;0;2;34
af8848d505a376b4e59386d65856ccdd1ddf1afd;2020-11-26T22_55_00.463Z;0;0;2;34
af8848d505a376b4e59386d65856ccdd1ddf1afd;2020-11-27T01_21_19.747Z;0;0;2;34
af8848d505a376b4e59386d65856ccdd1ddf1afd;2020-11-27T01_35_41.193Z;0;0;2;34
af8848d505a376b4e59386d65856ccdd1ddf1afd;2020-11-27T01_44_57.472Z;0;0;0;36
af8848d505a376b4e59386d65856ccdd1ddf1afd;2020-11-27T02_10_34.144Z;0;0;0;36
af8848d505a376b4e59386d65856ccdd1ddf1afd;2020-11-27T02_13_13.868Z;0;0;2;34
af8848d505a376b4e59386d65856ccdd1ddf1afd;2020-11-27T02_48_36.614Z;0;0;0;36
af8848d505a376b4e59386d65856ccdd1ddf1afd;2020-11-27T02_48_53.205Z;0;0;0;36
af8848d505a376b4e59386d65856ccdd1ddf1afd;2020-11-27T02_57_24.719Z;0;0;0;36
af8848d505a376b4e59386d65856ccdd1ddf1afd;2020-11-27T03_10_03.066Z;0;0;0;36
af8848d505a376b4e59386d65856ccdd1ddf1afd;2020-11-27T03_13_06.496Z;0;0;0;36
b0562a7e84830696ceb1f739f48ce79230064a56;2020-11-23T01_59_42.815Z;0;0;0;36
b0562a7e84830696ceb1f739f48ce79230064a56;2020-11-25T01_10_33.317Z;0;0;0;36
b0562a7e84830696ceb1f739f48ce79230064a56;2020-11-25T01_12_08.011Z;0;0;0;36
b0562a7e84830696ceb1f739f48ce79230064a56;2020-11-25T01_12_52.580Z;0;0;0;13
b0562a7e84830696ceb1f739f48ce79230064a56;2020-11-25T01_14_23.837Z;1;0;0;17
b0562a7e84830696ceb1f739f48ce79230064a56;2020-11-25T05_10_35.595Z;0;0;0;36
b0562a7e84830696ceb1f739f48ce79230064a56;2020-11-25T06_37_23.039Z;0;0;10;21
b0562a7e84830696ceb1f739f48ce79230064a56;2020-11-25T06_38_32.867Z;1;0;0;0
b0562a7e84830696ceb1f739f48ce79230064a56;2020-11-25T06_38_42.514Z;0;0;0;36
b0562a7e84830696ceb1f739f48ce79230064a56;2020-11-25T06_42_55.666Z;0;0;0;36
b0562a7e84830696ceb1f739f48ce79230064a56;2020-11-25T07_09_57.349Z;0;6;7;29
b0562a7e84830696ceb1f739f48ce79230064a56;2020-11-25T07_30_37.005Z;0;6;7;29
b0562a7e84830696ceb1f739f48ce79230064a56;2020-11-25T07_59_13.057Z;0;0;7;29
b0562a7e84830696ceb1f739f48ce79230064a56;2020-11-25T08_04_46.562Z;0;7;8;28
b0562a7e84830696ceb1f739f48ce79230064a56;2020-11-25T18_23_50.992Z;0;7;8;28
b0562a7e84830696ceb1f739f48ce79230064a56;2020-11-25T18_46_48.317Z;0;7;8;28
b0562a7e84830696ceb1f739f48ce79230064a56;2020-11-25T19_10_13.393Z;1;0;0;17
b0562a7e84830696ceb1f739f48ce79230064a56;2020-11-25T22_36_10.120Z;0;0;6;20
b0562a7e84830696ceb1f739f48ce79230064a56;2020-11-25T22_36_44.719Z;0;7;7;29
b0562a7e84830696ceb1f739f48ce79230064a56;2020-11-25T23_16_22.773Z;0;3;7;29
b0562a7e84830696ceb1f739f48ce79230064a56;2020-11-26T00_11_40.389Z;0;3;3;33
b0562a7e84830696ceb1f739f48ce79230064a56;2020-11-26T00_33_40.449Z;0;2;7;29
b0562a7e84830696ceb1f739f48ce79230064a56;2020-11-26T02_58_04.177Z;1;0;0;17
b0562a7e84830696ceb1f739f48ce79230064a56;2020-11-26T03_08_32.619Z;0;0;0;36
b0562a7e84830696ceb1f739f48ce79230064a56;2020-11-26T03_08_52.381Z;0;0;3;33
b0562a7e84830696ceb1f739f48ce79230064a56;2020-11-26T03_59_30.145Z;0;0;2;34
b0562a7e84830696ceb1f739f48ce79230064a56;2020-11-26T04_14_39.288Z;0;3;3;33
b0562a7e84830696ceb1f739f48ce79230064a56;2020-11-26T04_18_40.836Z;0;0;2;34
b0562a7e84830696ceb1f739f48ce79230064a56;2020-11-26T04_47_19.882Z;0;2;2;34
b0562a7e84830696ceb1f739f48ce79230064a56;2020-11-26T05_30_38.630Z;0;0;0;36
b0562a7e84830696ceb1f739f48ce79230064a56;2020-11-26T05_43_35.864Z;0;0;2;34
b0562a7e84830696ceb1f739f48ce79230064a56;2020-11-27T02_01_05.011Z;0;0;2;34
b0562a7e84830696ceb1f739f48ce79230064a56;2020-11-27T02_28_13.503Z;0;0;0;36
b0562a7e84830696ceb1f739f48ce79230064a56;2020-11-27T02_41_00.448Z;0;0;2;34
b0562a7e84830696ceb1f739f48ce79230064a56;2020-12-04T17_23_30.019Z;0;0;0;36
b153914f2e02d75d24451557bd564a3fac4473ae;2020-11-25T05_01_51.352Z;0;0;0;36
b153914f2e02d75d24451557bd564a3fac4473ae;2020-11-25T05_26_51.600Z;0;0;0;36
b153914f2e02d75d24451557bd564a3fac4473ae;2020-11-28T01_56_47.245Z;0;0;0;36
b153914f2e02d75d24451557bd564a3fac4473ae;2020-11-28T01_58_53.428Z;2;0;0;0
b153914f2e02d75d24451557bd564a3fac4473ae;2020-11-28T01_59_56.011Z;2;0;0;0
b39d544b1afbe0322c1ceb413137cd994e42fd7c;2020-11-22T01_46_57.719Z;1;0;0;0
b39d544b1afbe0322c1ceb413137cd994e42fd7c;2020-11-22T02_23_39.047Z;0;0;0;13
b39d544b1afbe0322c1ceb413137cd994e42fd7c;2020-11-22T02_25_28.240Z;0;0;13;23
b39d544b1afbe0322c1ceb413137cd994e42fd7c;2020-11-22T03_07_09.308Z;0;0;2;34
b39d544b1afbe0322c1ceb413137cd994e42fd7c;2020-11-22T03_14_09.079Z;0;0;13;23
b39d544b1afbe0322c1ceb413137cd994e42fd7c;2020-11-22T03_18_49.912Z;0;0;2;34
b39d544b1afbe0322c1ceb413137cd994e42fd7c;2020-11-22T16_30_27.104Z;0;0;13;23
b39d544b1afbe0322c1ceb413137cd994e42fd7c;2020-11-22T19_13_39.474Z;0;0;6;30
b39d544b1afbe0322c1ceb413137cd994e42fd7c;2020-11-26T20_22_44.057Z;0;0;6;30
b39d544b1afbe0322c1ceb413137cd994e42fd7c;2020-11-26T20_57_37.793Z;0;12;12;24
b39d544b1afbe0322c1ceb413137cd994e42fd7c;2020-11-26T21_11_13.095Z;1;0;0;17
b39d544b1afbe0322c1ceb413137cd994e42fd7c;2020-11-27T00_08_06.170Z;0;0;2;34
b39d544b1afbe0322c1ceb413137cd994e42fd7c;2020-11-27T00_18_58.347Z;0;2;2;34
b39d544b1afbe0322c1ceb413137cd994e42fd7c;2020-11-27T06_10_30.488Z;0;0;5;31
b39d544b1afbe0322c1ceb413137cd994e42fd7c;2020-11-27T06_14_34.767Z;0;2;2;34
b39d544b1afbe0322c1ceb413137cd994e42fd7c;2020-11-27T06_46_31.344Z;0;0;0;36
b39d544b1afbe0322c1ceb413137cd994e42fd7c;2020-11-27T06_54_30.876Z;0;0;0;36
b4821e2a765f1e58c10bfb4aa61c636dd21fae1a;2020-11-19T03_56_11.839Z;1;0;0;0
b4821e2a765f1e58c10bfb4aa61c636dd21fae1a;2020-11-19T04_35_26.997Z;0;0;0;36
b4821e2a765f1e58c10bfb4aa61c636dd21fae1a;2020-11-19T04_38_41.662Z;0;0;0;36
b4821e2a765f1e58c10bfb4aa61c636dd21fae1a;2020-11-19T04_38_57.848Z;0;0;0;36
b4821e2a765f1e58c10bfb4aa61c636dd21fae1a;2020-11-19T04_41_19.216Z;0;0;0;36
b4821e2a765f1e58c10bfb4aa61c636dd21fae1a;2020-11-19T05_32_18.827Z;2;0;0;0
b4821e2a765f1e58c10bfb4aa61c636dd21fae1a;2020-11-19T05_49_42.864Z;0;0;0;13
b4821e2a765f1e58c10bfb4aa61c636dd21fae1a;2020-11-19T05_55_27.536Z;0;0;14;22
b4821e2a765f1e58c10bfb4aa61c636dd21fae1a;2020-11-19T07_09_28.574Z;0;5;7;29
b4821e2a765f1e58c10bfb4aa61c636dd21fae1a;2020-11-19T07_34_56.245Z;0;5;7;29
b4821e2a765f1e58c10bfb4aa61c636dd21fae1a;2020-11-19T08_09_56.877Z;0;5;7;29
b4821e2a765f1e58c10bfb4aa61c636dd21fae1a;2020-11-19T20_28_36.682Z;0;7;8;28
b4821e2a765f1e58c10bfb4aa61c636dd21fae1a;2020-11-19T21_02_07.963Z;0;16;18;18
b4821e2a765f1e58c10bfb4aa61c636dd21fae1a;2020-11-19T22_56_03.684Z;0;1;3;33
b4821e2a765f1e58c10bfb4aa61c636dd21fae1a;2020-11-20T05_50_38.582Z;0;1;3;33
b4821e2a765f1e58c10bfb4aa61c636dd21fae1a;2020-11-20T07_06_34.674Z;1;0;0;17
b4821e2a765f1e58c10bfb4aa61c636dd21fae1a;2020-11-20T07_52_21.816Z;1;0;0;17
b4821e2a765f1e58c10bfb4aa61c636dd21fae1a;2020-11-20T22_02_46.631Z;0;2;8;28
b4821e2a765f1e58c10bfb4aa61c636dd21fae1a;2020-11-20T23_12_52.026Z;0;1;7;29
b4821e2a765f1e58c10bfb4aa61c636dd21fae1a;2020-11-24T01_41_16.352Z;0;3;7;29
b4821e2a765f1e58c10bfb4aa61c636dd21fae1a;2020-11-24T03_04_45.135Z;0;1;3;33
b4821e2a765f1e58c10bfb4aa61c636dd21fae1a;2020-11-24T03_28_25.788Z;0;0;0;36
b4821e2a765f1e58c10bfb4aa61c636dd21fae1a;2020-11-24T03_36_21.326Z;0;0;3;33
b4821e2a765f1e58c10bfb4aa61c636dd21fae1a;2020-11-24T03_48_24.837Z;0;0;0;36
b4821e2a765f1e58c10bfb4aa61c636dd21fae1a;2020-11-26T04_45_01.626Z;0;0;0;36
b4821e2a765f1e58c10bfb4aa61c636dd21fae1a;2020-11-26T04_54_14.009Z;0;0;0;36
b5cd0e6c19a855f779db1522e8aae08c8e5bef43;2020-11-25T06_39_26.620Z;0;0;0;36
b5cd0e6c19a855f779db1522e8aae08c8e5bef43;2020-11-25T06_39_29.220Z;0;0;0;36
b5cd0e6c19a855f779db1522e8aae08c8e5bef43;2020-11-25T06_39_30.565Z;0;0;0;36
b5cd0e6c19a855f779db1522e8aae08c8e5bef43;2020-11-25T22_50_05.295Z;1;0;0;0
b5cd0e6c19a855f779db1522e8aae08c8e5bef43;2020-11-25T22_59_24.714Z;0;12;14;22
b5cd0e6c19a855f779db1522e8aae08c8e5bef43;2020-11-25T23_19_18.778Z;0;0;0;36
b5cd0e6c19a855f779db1522e8aae08c8e5bef43;2020-11-25T23_19_21.684Z;0;0;0;36
b5cd0e6c19a855f779db1522e8aae08c8e5bef43;2020-11-25T23_19_27.406Z;0;0;0;36
b5cd0e6c19a855f779db1522e8aae08c8e5bef43;2020-11-25T23_29_44.749Z;0;5;8;28
b5cd0e6c19a855f779db1522e8aae08c8e5bef43;2020-11-25T23_47_17.760Z;0;0;7;29
b5cd0e6c19a855f779db1522e8aae08c8e5bef43;2020-11-26T00_41_35.774Z;0;0;4;32
b5cd0e6c19a855f779db1522e8aae08c8e5bef43;2020-11-26T00_53_09.545Z;0;0;0;36
b5cd0e6c19a855f779db1522e8aae08c8e5bef43;2020-11-26T00_53_11.825Z;0;0;0;36
b5cd0e6c19a855f779db1522e8aae08c8e5bef43;2020-11-26T00_53_16.233Z;0;0;0;36
b5cd0e6c19a855f779db1522e8aae08c8e5bef43;2020-11-26T00_53_22.894Z;0;0;0;13
b5cd0e6c19a855f779db1522e8aae08c8e5bef43;2020-11-26T01_53_07.350Z;0;3;8;23
b5cd0e6c19a855f779db1522e8aae08c8e5bef43;2020-11-26T03_16_49.510Z;1;0;0;17
b5e0812e60445d3fe7535f892e0b7735479b52fc;2020-11-18T22_43_03.463Z;0;0;0;36
b5e0812e60445d3fe7535f892e0b7735479b52fc;2020-11-18T22_44_30.142Z;1;0;0;0
b5e0812e60445d3fe7535f892e0b7735479b52fc;2020-11-18T22_48_23.018Z;0;0;0;13
b5e0812e60445d3fe7535f892e0b7735479b52fc;2020-11-18T22_55_48.000Z;1;0;0;17
b5e0812e60445d3fe7535f892e0b7735479b52fc;2020-11-18T22_56_00.958Z;0;0;15;21
b5e0812e60445d3fe7535f892e0b7735479b52fc;2020-11-20T19_16_16.998Z;0;0;10;26
b5e0812e60445d3fe7535f892e0b7735479b52fc;2020-11-20T19_16_46.367Z;0;0;13;23
b5e0812e60445d3fe7535f892e0b7735479b52fc;2020-11-22T18_39_28.142Z;2;0;0;0
b5e0812e60445d3fe7535f892e0b7735479b52fc;2020-11-22T19_54_46.265Z;0;0;0;36
b5e0812e60445d3fe7535f892e0b7735479b52fc;2020-11-22T20_00_29.503Z;0;0;4;32
b5e0812e60445d3fe7535f892e0b7735479b52fc;2020-11-24T17_00_01.269Z;0;0;4;32
b5e0812e60445d3fe7535f892e0b7735479b52fc;2020-11-24T17_40_48.744Z;0;0;2;34
b5e0812e60445d3fe7535f892e0b7735479b52fc;2020-11-24T22_29_19.106Z;0;0;13;23
b5e0812e60445d3fe7535f892e0b7735479b52fc;2020-11-24T22_59_18.968Z;1;0;0;17
b5e0812e60445d3fe7535f892e0b7735479b52fc;2020-11-25T00_11_15.766Z;0;0;13;23
b5e0812e60445d3fe7535f892e0b7735479b52fc;2020-11-25T15_28_33.875Z;0;0;13;23
b5e0812e60445d3fe7535f892e0b7735479b52fc;2020-11-25T16_05_10.486Z;0;0;12;24
b5e0812e60445d3fe7535f892e0b7735479b52fc;2020-11-25T16_46_01.982Z;0;0;10;26
b5e0812e60445d3fe7535f892e0b7735479b52fc;2020-11-25T18_04_14.933Z;0;0;10;26
b5e0812e60445d3fe7535f892e0b7735479b52fc;2020-11-25T19_13_00.977Z;1;0;0;17
b5e0812e60445d3fe7535f892e0b7735479b52fc;2020-11-25T19_32_05.611Z;1;0;0;17
b5e0812e60445d3fe7535f892e0b7735479b52fc;2020-11-25T19_48_39.696Z;0;0;7;29
b5e0812e60445d3fe7535f892e0b7735479b52fc;2020-11-25T20_03_34.448Z;0;0;6;30
b5e0812e60445d3fe7535f892e0b7735479b52fc;2020-11-25T20_24_17.649Z;0;0;0;36
b5e0812e60445d3fe7535f892e0b7735479b52fc;2020-11-25T21_07_14.939Z;0;0;6;30
b5e0812e60445d3fe7535f892e0b7735479b52fc;2020-11-26T01_03_42.901Z;0;0;0;36
b6ebdf3e5f0e4bbfda909dac06134289016c7359;2020-11-18T01_22_02.740Z;0;0;0;36
b6ebdf3e5f0e4bbfda909dac06134289016c7359;2020-11-18T01_23_01.856Z;0;0;0;36
b6ebdf3e5f0e4bbfda909dac06134289016c7359;2020-11-22T22_46_16.356Z;0;0;0;13
b6ebdf3e5f0e4bbfda909dac06134289016c7359;2020-11-22T22_47_54.291Z;1;0;0;17
b6ebdf3e5f0e4bbfda909dac06134289016c7359;2020-11-22T22_47_57.108Z;0;0;0;36
b6ebdf3e5f0e4bbfda909dac06134289016c7359;2020-11-22T23_21_32.120Z;0;0;0;36
b6ebdf3e5f0e4bbfda909dac06134289016c7359;2020-11-23T00_02_41.890Z;0;0;0;36
b6ebdf3e5f0e4bbfda909dac06134289016c7359;2020-11-23T00_36_33.255Z;0;0;0;36
b6ebdf3e5f0e4bbfda909dac06134289016c7359;2020-11-23T00_36_43.169Z;2;0;0;0
b6ebdf3e5f0e4bbfda909dac06134289016c7359;2020-11-23T00_38_55.076Z;0;0;10;22
b6ebdf3e5f0e4bbfda909dac06134289016c7359;2020-11-23T01_01_51.145Z;0;1;13;23
b6ebdf3e5f0e4bbfda909dac06134289016c7359;2020-11-23T02_53_24.565Z;0;0;0;36
b6ebdf3e5f0e4bbfda909dac06134289016c7359;2020-11-23T03_40_12.367Z;1;0;0;17
b6ebdf3e5f0e4bbfda909dac06134289016c7359;2020-11-23T05_24_54.986Z;1;0;0;17
b6ebdf3e5f0e4bbfda909dac06134289016c7359;2020-11-23T20_41_15.703Z;0;2;9;27
b6ebdf3e5f0e4bbfda909dac06134289016c7359;2020-11-23T22_11_22.814Z;0;0;5;31
b6ebdf3e5f0e4bbfda909dac06134289016c7359;2020-11-23T23_19_20.439Z;0;0;0;36
b6ebdf3e5f0e4bbfda909dac06134289016c7359;2020-11-23T23_32_00.913Z;0;0;0;36
b6ebdf3e5f0e4bbfda909dac06134289016c7359;2020-11-25T03_33_51.141Z;0;0;0;36
b736d508e99ced70c414fb27044a0f8eef9cf0fc;2020-11-24T16_10_08.694Z;1;0;0;0
b736d508e99ced70c414fb27044a0f8eef9cf0fc;2020-11-24T16_10_23.592Z;0;0;0;13
b736d508e99ced70c414fb27044a0f8eef9cf0fc;2020-11-24T16_15_20.997Z;0;0;0;36
b736d508e99ced70c414fb27044a0f8eef9cf0fc;2020-11-24T16_48_53.768Z;2;0;0;0
b736d508e99ced70c414fb27044a0f8eef9cf0fc;2020-11-24T17_07_39.930Z;0;0;13;23
b736d508e99ced70c414fb27044a0f8eef9cf0fc;2020-11-24T17_08_15.465Z;0;11;15;20
b736d508e99ced70c414fb27044a0f8eef9cf0fc;2020-11-24T19_57_37.302Z;0;1;7;29
b736d508e99ced70c414fb27044a0f8eef9cf0fc;2020-11-24T20_33_02.128Z;0;6;11;25
b736d508e99ced70c414fb27044a0f8eef9cf0fc;2020-11-24T23_26_34.795Z;2;0;0;0
b736d508e99ced70c414fb27044a0f8eef9cf0fc;2020-11-25T00_52_18.012Z;0;1;5;31
b736d508e99ced70c414fb27044a0f8eef9cf0fc;2020-11-25T01_42_53.117Z;1;0;0;17
b736d508e99ced70c414fb27044a0f8eef9cf0fc;2020-11-25T02_47_31.928Z;0;1;5;31
b736d508e99ced70c414fb27044a0f8eef9cf0fc;2020-11-25T03_06_04.252Z;0;0;13;23
b736d508e99ced70c414fb27044a0f8eef9cf0fc;2020-11-25T03_45_28.968Z;0;0;13;23
b736d508e99ced70c414fb27044a0f8eef9cf0fc;2020-11-25T17_18_47.714Z;0;0;13;23
b736d508e99ced70c414fb27044a0f8eef9cf0fc;2020-11-25T17_50_28.933Z;0;0;0;36
b736d508e99ced70c414fb27044a0f8eef9cf0fc;2020-11-25T17_50_45.915Z;0;0;0;36
b736d508e99ced70c414fb27044a0f8eef9cf0fc;2020-11-25T19_29_01.692Z;1;0;0;17
b736d508e99ced70c414fb27044a0f8eef9cf0fc;2020-11-25T21_46_18.577Z;0;0;0;36
b736d508e99ced70c414fb27044a0f8eef9cf0fc;2020-11-25T22_57_22.454Z;0;0;2;34
b736d508e99ced70c414fb27044a0f8eef9cf0fc;2020-11-25T23_20_18.624Z;0;0;2;34
b736d508e99ced70c414fb27044a0f8eef9cf0fc;2020-11-25T23_30_21.186Z;0;0;0;36
b736d508e99ced70c414fb27044a0f8eef9cf0fc;2020-11-25T23_35_30.673Z;0;1;5;31
b736d508e99ced70c414fb27044a0f8eef9cf0fc;2020-11-26T00_05_44.745Z;0;0;2;34
b736d508e99ced70c414fb27044a0f8eef9cf0fc;2020-11-26T00_30_58.530Z;0;0;0;36
b736d508e99ced70c414fb27044a0f8eef9cf0fc;2020-11-26T00_30_58.540Z;0;0;0;36
b736d508e99ced70c414fb27044a0f8eef9cf0fc;2020-11-26T00_30_58.549Z;0;0;0;36
b736d508e99ced70c414fb27044a0f8eef9cf0fc;2020-11-26T00_30_58.560Z;0;0;0;36
b736d508e99ced70c414fb27044a0f8eef9cf0fc;2020-11-26T00_48_04.237Z;0;0;0;36
b736d508e99ced70c414fb27044a0f8eef9cf0fc;2020-11-26T00_59_53.651Z;0;0;0;36
b736d508e99ced70c414fb27044a0f8eef9cf0fc;2020-11-26T01_22_57.032Z;0;0;0;36
b73f677e519a4bf4d446832eb58b3f0a04112b43;2020-11-14T17_11_03.773Z;0;0;0;36
b73f677e519a4bf4d446832eb58b3f0a04112b43;2020-11-14T17_11_07.207Z;0;0;0;36
b73f677e519a4bf4d446832eb58b3f0a04112b43;2020-11-14T17_11_11.853Z;0;0;0;36
b73f677e519a4bf4d446832eb58b3f0a04112b43;2020-11-15T02_36_24.128Z;1;0;0;0
b73f677e519a4bf4d446832eb58b3f0a04112b43;2020-11-15T02_37_14.132Z;0;0;0;13
b73f677e519a4bf4d446832eb58b3f0a04112b43;2020-11-15T02_41_02.093Z;0;0;13;23
b73f677e519a4bf4d446832eb58b3f0a04112b43;2020-11-15T02_49_38.078Z;0;6;17;19
b73f677e519a4bf4d446832eb58b3f0a04112b43;2020-11-17T13_29_51.053Z;0;6;17;19
b73f677e519a4bf4d446832eb58b3f0a04112b43;2020-11-17T18_02_13.164Z;0;6;17;19
b73f677e519a4bf4d446832eb58b3f0a04112b43;2020-11-17T19_01_10.092Z;0;11;15;21
b73f677e519a4bf4d446832eb58b3f0a04112b43;2020-11-17T19_31_17.795Z;2;0;0;0
b73f677e519a4bf4d446832eb58b3f0a04112b43;2020-11-17T19_54_57.771Z;0;0;0;36
b73f677e519a4bf4d446832eb58b3f0a04112b43;2020-11-17T19_54_57.780Z;0;0;13;23
b73f677e519a4bf4d446832eb58b3f0a04112b43;2020-11-17T19_54_57.792Z;0;0;0;36
b73f677e519a4bf4d446832eb58b3f0a04112b43;2020-11-17T19_54_57.802Z;0;0;0;36
b73f677e519a4bf4d446832eb58b3f0a04112b43;2020-11-17T20_05_19.187Z;0;0;0;36
b73f677e519a4bf4d446832eb58b3f0a04112b43;2020-11-17T20_05_19.195Z;0;0;13;23
b73f677e519a4bf4d446832eb58b3f0a04112b43;2020-11-17T20_56_42.324Z;0;0;0;36
b73f677e519a4bf4d446832eb58b3f0a04112b43;2020-11-17T21_14_26.136Z;1;0;0;17
b73f677e519a4bf4d446832eb58b3f0a04112b43;2020-11-17T22_10_09.858Z;0;0;13;23
b73f677e519a4bf4d446832eb58b3f0a04112b43;2020-11-17T22_54_11.406Z;0;0;13;23
b73f677e519a4bf4d446832eb58b3f0a04112b43;2020-11-17T23_45_29.803Z;0;0;0;36
b73f677e519a4bf4d446832eb58b3f0a04112b43;2020-11-18T02_09_36.074Z;0;0;6;30
b73f677e519a4bf4d446832eb58b3f0a04112b43;2020-11-18T03_06_43.821Z;0;0;0;36
b73f677e519a4bf4d446832eb58b3f0a04112b43;2020-11-18T03_19_44.528Z;0;0;2;34
b73f677e519a4bf4d446832eb58b3f0a04112b43;2020-11-18T04_15_49.212Z;0;0;0;36
b73f677e519a4bf4d446832eb58b3f0a04112b43;2020-11-18T04_16_16.632Z;0;0;2;34
b73f677e519a4bf4d446832eb58b3f0a04112b43;2020-11-18T12_54_58.310Z;0;0;0;36
b73f677e519a4bf4d446832eb58b3f0a04112b43;2020-11-18T12_55_14.653Z;0;0;2;34
b73f677e519a4bf4d446832eb58b3f0a04112b43;2020-11-18T13_12_05.248Z;0;0;0;36
b73f677e519a4bf4d446832eb58b3f0a04112b43;2020-11-20T01_15_46.846Z;0;0;0;36
b86d77222bb623cd350b6ffd4406591ce46dbbac;2020-11-23T23_54_50.039Z;1;0;0;0
b86d77222bb623cd350b6ffd4406591ce46dbbac;2020-11-23T23_55_51.488Z;0;0;0;13
b86d77222bb623cd350b6ffd4406591ce46dbbac;2020-11-23T23_56_26.527Z;1;0;0;17
b86d77222bb623cd350b6ffd4406591ce46dbbac;2020-11-23T23_58_36.340Z;2;0;0;0
b86d77222bb623cd350b6ffd4406591ce46dbbac;2020-11-24T01_24_53.641Z;0;13;13;23
b86d77222bb623cd350b6ffd4406591ce46dbbac;2020-11-24T02_46_23.146Z;1;0;0;17
b86d77222bb623cd350b6ffd4406591ce46dbbac;2020-11-24T02_53_34.836Z;0;2;10;26
b86d77222bb623cd350b6ffd4406591ce46dbbac;2020-11-24T03_07_23.520Z;1;0;0;17
b86d77222bb623cd350b6ffd4406591ce46dbbac;2020-11-24T03_28_04.521Z;1;0;0;17
b86d77222bb623cd350b6ffd4406591ce46dbbac;2020-11-24T04_00_15.441Z;0;13;13;23
b86d77222bb623cd350b6ffd4406591ce46dbbac;2020-11-24T04_09_20.646Z;1;0;0;17
b86d77222bb623cd350b6ffd4406591ce46dbbac;2020-11-24T04_28_06.265Z;0;13;13;23
b86d77222bb623cd350b6ffd4406591ce46dbbac;2020-11-24T22_01_02.844Z;0;13;13;23
b86d77222bb623cd350b6ffd4406591ce46dbbac;2020-11-24T22_05_18.827Z;1;0;0;17
b86d77222bb623cd350b6ffd4406591ce46dbbac;2020-11-24T22_44_17.809Z;0;2;11;25
b86d77222bb623cd350b6ffd4406591ce46dbbac;2020-11-24T22_47_45.866Z;1;0;0;17
b86d77222bb623cd350b6ffd4406591ce46dbbac;2020-11-24T23_44_21.501Z;0;2;9;27
b86d77222bb623cd350b6ffd4406591ce46dbbac;2020-11-24T23_53_19.619Z;1;0;0;17
b86d77222bb623cd350b6ffd4406591ce46dbbac;2020-11-25T00_07_04.085Z;0;2;9;27
b86d77222bb623cd350b6ffd4406591ce46dbbac;2020-11-25T00_10_12.483Z;1;0;0;17
b86d77222bb623cd350b6ffd4406591ce46dbbac;2020-11-25T17_50_24.228Z;0;2;9;27
b86d77222bb623cd350b6ffd4406591ce46dbbac;2020-11-25T17_54_24.546Z;1;0;0;17
b8dd4bb13b8b9d3dacaf062bc30800dbdccecf4b;2020-11-17T20_11_43.653Z;0;0;0;36
b8dd4bb13b8b9d3dacaf062bc30800dbdccecf4b;2020-11-17T20_12_36.519Z;0;0;0;36
b8dd4bb13b8b9d3dacaf062bc30800dbdccecf4b;2020-11-17T20_12_48.507Z;0;0;0;36
b8dd4bb13b8b9d3dacaf062bc30800dbdccecf4b;2020-11-17T20_16_35.928Z;0;0;0;36
b8dd4bb13b8b9d3dacaf062bc30800dbdccecf4b;2020-11-17T20_16_48.927Z;0;0;0;36
b8dd4bb13b8b9d3dacaf062bc30800dbdccecf4b;2020-11-17T20_17_01.709Z;2;0;0;0
b8dd4bb13b8b9d3dacaf062bc30800dbdccecf4b;2020-11-17T20_55_53.049Z;0;0;0;36
b8dd4bb13b8b9d3dacaf062bc30800dbdccecf4b;2020-11-17T21_01_42.845Z;0;0;0;36
b8dd4bb13b8b9d3dacaf062bc30800dbdccecf4b;2020-11-17T21_02_20.417Z;0;0;0;36
b8dd4bb13b8b9d3dacaf062bc30800dbdccecf4b;2020-11-17T21_25_53.215Z;0;1;1;35
b8dd4bb13b8b9d3dacaf062bc30800dbdccecf4b;2020-11-17T23_36_07.886Z;0;1;1;35
b8dd4bb13b8b9d3dacaf062bc30800dbdccecf4b;2020-11-17T23_40_17.596Z;0;0;0;13
b8dd4bb13b8b9d3dacaf062bc30800dbdccecf4b;2020-11-17T23_47_55.121Z;1;0;0;17
b8dd4bb13b8b9d3dacaf062bc30800dbdccecf4b;2020-11-17T23_55_19.724Z;0;1;1;35
b8dd4bb13b8b9d3dacaf062bc30800dbdccecf4b;2020-11-18T00_03_54.674Z;1;0;0;17
b8dd4bb13b8b9d3dacaf062bc30800dbdccecf4b;2020-11-18T14_58_45.266Z;0;0;0;17
b8dd4bb13b8b9d3dacaf062bc30800dbdccecf4b;2020-11-23T19_38_00.199Z;0;0;0;36
b8dd4bb13b8b9d3dacaf062bc30800dbdccecf4b;2020-11-23T19_49_59.507Z;1;0;0;17
b8dd4bb13b8b9d3dacaf062bc30800dbdccecf4b;2020-11-23T20_22_15.344Z;0;0;6;30
b8dd4bb13b8b9d3dacaf062bc30800dbdccecf4b;2020-11-23T21_42_30.660Z;0;0;0;36
b8dd4bb13b8b9d3dacaf062bc30800dbdccecf4b;2020-11-23T21_46_10.690Z;0;0;0;36
b8dd4bb13b8b9d3dacaf062bc30800dbdccecf4b;2020-11-23T21_46_36.737Z;0;0;0;36
b8dd4bb13b8b9d3dacaf062bc30800dbdccecf4b;2020-11-23T21_49_09.458Z;0;0;2;34
b8dd4bb13b8b9d3dacaf062bc30800dbdccecf4b;2020-11-23T23_31_31.270Z;0;0;0;36
b8dd4bb13b8b9d3dacaf062bc30800dbdccecf4b;2020-11-23T23_31_31.278Z;0;0;0;36
b8dd4bb13b8b9d3dacaf062bc30800dbdccecf4b;2020-11-23T23_54_41.438Z;0;0;0;36
b8dd4bb13b8b9d3dacaf062bc30800dbdccecf4b;2020-11-23T23_57_57.748Z;0;0;0;36
b8dd4bb13b8b9d3dacaf062bc30800dbdccecf4b;2020-11-24T18_40_39.286Z;0;0;0;36
b8dd4bb13b8b9d3dacaf062bc30800dbdccecf4b;2020-11-24T18_48_03.934Z;0;0;0;36
b99245183799dac29608c895bd5481a4f83d71d6;2020-11-19T21_49_05.102Z;0;0;0;36
b99245183799dac29608c895bd5481a4f83d71d6;2020-11-19T21_49_24.699Z;0;0;0;36
b99245183799dac29608c895bd5481a4f83d71d6;2020-11-19T21_55_52.903Z;1;0;0;0
b99245183799dac29608c895bd5481a4f83d71d6;2020-11-19T21_57_46.081Z;1;0;5;3
b99245183799dac29608c895bd5481a4f83d71d6;2020-11-19T22_13_07.838Z;1;0;0;0
b99245183799dac29608c895bd5481a4f83d71d6;2020-11-19T22_51_32.932Z;0;0;0;36
b99245183799dac29608c895bd5481a4f83d71d6;2020-11-19T22_51_47.889Z;0;0;0;36
b99245183799dac29608c895bd5481a4f83d71d6;2020-11-19T23_39_21.383Z;0;0;0;36
b99245183799dac29608c895bd5481a4f83d71d6;2020-11-19T23_40_56.816Z;0;0;0;13
b99245183799dac29608c895bd5481a4f83d71d6;2020-11-19T23_51_35.290Z;1;0;0;17
b99245183799dac29608c895bd5481a4f83d71d6;2020-11-25T06_56_06.488Z;0;0;13;23
b99245183799dac29608c895bd5481a4f83d71d6;2020-11-25T07_35_04.684Z;0;0;13;23
b99245183799dac29608c895bd5481a4f83d71d6;2020-11-25T19_02_03.544Z;0;0;0;36
b99245183799dac29608c895bd5481a4f83d71d6;2020-11-25T19_19_57.904Z;0;0;0;36
b99245183799dac29608c895bd5481a4f83d71d6;2020-11-25T19_22_02.353Z;0;0;0;36
b99245183799dac29608c895bd5481a4f83d71d6;2020-11-25T19_28_33.932Z;0;0;0;36
b99245183799dac29608c895bd5481a4f83d71d6;2020-11-25T19_30_53.434Z;0;0;0;36
b99245183799dac29608c895bd5481a4f83d71d6;2020-11-25T21_28_22.624Z;0;0;0;36
b99245183799dac29608c895bd5481a4f83d71d6;2020-11-25T21_29_25.412Z;0;0;0;36
b99245183799dac29608c895bd5481a4f83d71d6;2020-11-26T01_11_48.713Z;0;0;0;36
b99245183799dac29608c895bd5481a4f83d71d6;2020-11-26T01_16_44.966Z;0;0;0;36
b99245183799dac29608c895bd5481a4f83d71d6;2020-11-26T03_45_58.605Z;0;0;0;36
b99245183799dac29608c895bd5481a4f83d71d6;2020-11-26T03_50_12.599Z;0;0;0;36
b99245183799dac29608c895bd5481a4f83d71d6;2020-11-26T04_29_22.382Z;0;0;0;36
b9c2d0d2342a353dad6ddd8bb452466719b8f726;2020-11-18T07_22_03.117Z;0;0;0;36
b9c2d0d2342a353dad6ddd8bb452466719b8f726;2020-11-18T07_31_56.428Z;0;0;0;36
b9c2d0d2342a353dad6ddd8bb452466719b8f726;2020-11-19T07_44_53.518Z;0;0;0;13
b9c2d0d2342a353dad6ddd8bb452466719b8f726;2020-11-19T07_46_16.317Z;0;0;0;36
b9c2d0d2342a353dad6ddd8bb452466719b8f726;2020-11-19T07_52_46.098Z;1;0;0;17
b9c2d0d2342a353dad6ddd8bb452466719b8f726;2020-11-19T08_20_11.177Z;1;0;0;17
b9c2d0d2342a353dad6ddd8bb452466719b8f726;2020-11-19T16_56_06.179Z;0;0;0;36
b9c2d0d2342a353dad6ddd8bb452466719b8f726;2020-11-19T16_56_26.042Z;2;0;0;0
b9c2d0d2342a353dad6ddd8bb452466719b8f726;2020-11-19T16_57_22.819Z;0;1;3;33
b9c2d0d2342a353dad6ddd8bb452466719b8f726;2020-11-19T17_01_10.920Z;0;2;3;33
b9c2d0d2342a353dad6ddd8bb452466719b8f726;2020-11-19T23_47_29.022Z;0;2;3;33
b9c2d0d2342a353dad6ddd8bb452466719b8f726;2020-11-19T23_57_00.875Z;0;1;3;33
b9c2d0d2342a353dad6ddd8bb452466719b8f726;2020-11-20T00_06_17.452Z;0;0;0;36
b9c2d0d2342a353dad6ddd8bb452466719b8f726;2020-11-20T00_18_06.896Z;0;1;3;33
b9c2d0d2342a353dad6ddd8bb452466719b8f726;2020-11-20T01_01_52.880Z;0;1;1;35
b9c2d0d2342a353dad6ddd8bb452466719b8f726;2020-11-20T07_04_27.747Z;0;0;0;36
b9c2d0d2342a353dad6ddd8bb452466719b8f726;2020-11-20T07_08_36.381Z;0;0;0;36
ba15266164841b505d1d1ae06d5932e085308ec2;2020-11-18T01_45_34.016Z;0;0;0;36
ba15266164841b505d1d1ae06d5932e085308ec2;2020-11-18T01_46_39.112Z;1;0;0;0
ba15266164841b505d1d1ae06d5932e085308ec2;2020-11-18T01_46_47.765Z;0;0;0;13
ba15266164841b505d1d1ae06d5932e085308ec2;2020-11-18T01_55_10.130Z;1;0;0;17
ba15266164841b505d1d1ae06d5932e085308ec2;2020-11-18T01_55_10.140Z;0;0;0;36
ba15266164841b505d1d1ae06d5932e085308ec2;2020-11-18T02_11_31.318Z;0;0;13;23
ba15266164841b505d1d1ae06d5932e085308ec2;2020-11-18T02_17_52.318Z;0;12;15;21
ba15266164841b505d1d1ae06d5932e085308ec2;2020-11-20T21_20_43.847Z;0;1;9;27
ba15266164841b505d1d1ae06d5932e085308ec2;2020-11-20T21_36_24.990Z;0;1;9;27
ba15266164841b505d1d1ae06d5932e085308ec2;2020-11-20T22_49_30.198Z;2;0;0;0
ba15266164841b505d1d1ae06d5932e085308ec2;2020-11-21T00_02_21.893Z;0;0;0;36
ba15266164841b505d1d1ae06d5932e085308ec2;2020-11-21T00_04_42.960Z;0;0;0;36
ba15266164841b505d1d1ae06d5932e085308ec2;2020-11-21T00_21_56.362Z;0;5;7;29
ba15266164841b505d1d1ae06d5932e085308ec2;2020-11-21T17_34_47.352Z;0;0;0;36
ba15266164841b505d1d1ae06d5932e085308ec2;2020-11-21T17_38_06.312Z;0;0;0;36
ba15266164841b505d1d1ae06d5932e085308ec2;2020-11-21T17_48_49.066Z;0;0;0;36
ba15266164841b505d1d1ae06d5932e085308ec2;2020-11-21T18_13_30.658Z;0;4;4;32
ba15266164841b505d1d1ae06d5932e085308ec2;2020-11-21T19_09_14.927Z;0;0;0;36
ba15266164841b505d1d1ae06d5932e085308ec2;2020-11-21T19_27_25.804Z;1;0;0;17
ba15266164841b505d1d1ae06d5932e085308ec2;2020-11-21T20_29_53.933Z;1;0;0;17
ba15266164841b505d1d1ae06d5932e085308ec2;2020-11-21T21_12_03.753Z;0;1;13;23
ba15266164841b505d1d1ae06d5932e085308ec2;2020-11-21T23_06_53.450Z;0;2;13;23
ba15266164841b505d1d1ae06d5932e085308ec2;2020-11-21T23_41_53.733Z;1;0;0;17
ba15266164841b505d1d1ae06d5932e085308ec2;2020-11-22T01_08_36.144Z;0;0;0;36
ba15266164841b505d1d1ae06d5932e085308ec2;2020-11-22T01_18_08.303Z;0;5;8;28
ba15266164841b505d1d1ae06d5932e085308ec2;2020-11-22T01_36_32.756Z;0;5;8;28
ba15266164841b505d1d1ae06d5932e085308ec2;2020-11-22T04_57_09.757Z;0;2;5;31
ba15266164841b505d1d1ae06d5932e085308ec2;2020-11-23T13_15_28.756Z;0;2;6;30
ba15266164841b505d1d1ae06d5932e085308ec2;2020-11-23T20_53_41.628Z;0;0;0;36
ba15266164841b505d1d1ae06d5932e085308ec2;2020-11-23T20_55_28.362Z;0;0;0;36
ba3b42be44a09ab0db64b811784be57512ecf985;2020-11-22T20_04_54.861Z;1;0;0;0
ba3b42be44a09ab0db64b811784be57512ecf985;2020-11-22T20_05_06.314Z;0;0;0;13
ba3b42be44a09ab0db64b811784be57512ecf985;2020-11-23T05_46_48.453Z;2;0;0;0
ba3b42be44a09ab0db64b811784be57512ecf985;2020-11-23T05_48_38.441Z;1;0;0;17
ba3b42be44a09ab0db64b811784be57512ecf985;2020-11-23T20_09_04.223Z;2;0;0;0
ba3b42be44a09ab0db64b811784be57512ecf985;2020-11-23T20_10_56.042Z;0;0;0;36
ba3b42be44a09ab0db64b811784be57512ecf985;2020-11-23T20_11_08.118Z;0;0;0;36
ba3b42be44a09ab0db64b811784be57512ecf985;2020-11-23T20_39_55.052Z;0;0;0;36
ba3b42be44a09ab0db64b811784be57512ecf985;2020-11-23T21_18_48.277Z;0;0;0;36
ba3b42be44a09ab0db64b811784be57512ecf985;2020-11-23T21_42_06.313Z;0;0;13;23
ba3b42be44a09ab0db64b811784be57512ecf985;2020-11-23T21_58_16.868Z;0;1;5;31
ba3b42be44a09ab0db64b811784be57512ecf985;2020-11-23T22_25_07.690Z;0;1;3;31
ba3b42be44a09ab0db64b811784be57512ecf985;2020-11-24T02_07_35.361Z;2;0;0;0
ba3b42be44a09ab0db64b811784be57512ecf985;2020-11-24T02_28_12.071Z;0;1;1;35
ba3b42be44a09ab0db64b811784be57512ecf985;2020-11-24T02_56_27.593Z;0;1;1;35
ba3b42be44a09ab0db64b811784be57512ecf985;2020-11-24T03_21_20.749Z;1;0;0;17
ba3b42be44a09ab0db64b811784be57512ecf985;2020-11-24T04_09_01.455Z;0;0;13;23
ba3b42be44a09ab0db64b811784be57512ecf985;2020-11-24T04_35_22.496Z;0;0;13;23
ba3b42be44a09ab0db64b811784be57512ecf985;2020-11-25T03_06_26.462Z;0;0;13;23
ba3b42be44a09ab0db64b811784be57512ecf985;2020-11-25T05_07_40.905Z;1;0;0;17
ba3b42be44a09ab0db64b811784be57512ecf985;2020-11-25T06_22_57.763Z;1;0;0;17
ba3b42be44a09ab0db64b811784be57512ecf985;2020-11-25T07_59_54.414Z;0;1;13;23
ba3b42be44a09ab0db64b811784be57512ecf985;2020-11-25T08_06_52.998Z;0;0;0;36
ba3b42be44a09ab0db64b811784be57512ecf985;2020-11-25T09_24_47.227Z;0;1;7;29
ba3b42be44a09ab0db64b811784be57512ecf985;2020-11-25T20_37_11.330Z;0;0;0;36
ba3b42be44a09ab0db64b811784be57512ecf985;2020-11-25T21_25_30.783Z;0;1;1;35
ba3b42be44a09ab0db64b811784be57512ecf985;2020-11-25T21_30_41.910Z;0;0;0;36
ba3b42be44a09ab0db64b811784be57512ecf985;2020-11-26T02_42_34.645Z;0;1;1;35
ba3b42be44a09ab0db64b811784be57512ecf985;2020-11-26T02_51_39.091Z;0;0;0;36
ba3b42be44a09ab0db64b811784be57512ecf985;2020-11-26T03_04_07.943Z;0;1;1;35
ba3b42be44a09ab0db64b811784be57512ecf985;2020-11-26T03_15_33.101Z;0;0;0;36
ba3b42be44a09ab0db64b811784be57512ecf985;2020-11-26T03_35_38.259Z;0;0;0;36
ba5871e0c8d519c35c818eb8cee94c7f49e7eaa4;2020-11-19T19_12_05.617Z;0;0;0;36
ba5871e0c8d519c35c818eb8cee94c7f49e7eaa4;2020-11-19T19_12_28.703Z;0;0;0;36
ba5871e0c8d519c35c818eb8cee94c7f49e7eaa4;2020-11-19T19_12_33.821Z;0;0;0;36
ba5871e0c8d519c35c818eb8cee94c7f49e7eaa4;2020-11-19T19_13_16.381Z;1;0;0;0
ba5871e0c8d519c35c818eb8cee94c7f49e7eaa4;2020-11-19T19_14_47.645Z;2;0;0;0
ba5871e0c8d519c35c818eb8cee94c7f49e7eaa4;2020-11-19T19_15_06.925Z;0;0;0;13
ba5871e0c8d519c35c818eb8cee94c7f49e7eaa4;2020-11-19T19_15_38.125Z;1;0;0;17
ba5871e0c8d519c35c818eb8cee94c7f49e7eaa4;2020-11-19T19_56_41.020Z;0;0;13;23
ba5871e0c8d519c35c818eb8cee94c7f49e7eaa4;2020-11-19T19_56_41.030Z;0;0;0;36
ba5871e0c8d519c35c818eb8cee94c7f49e7eaa4;2020-11-19T19_56_41.039Z;0;0;0;36
ba5871e0c8d519c35c818eb8cee94c7f49e7eaa4;2020-11-19T19_56_41.060Z;0;0;0;36
ba5871e0c8d519c35c818eb8cee94c7f49e7eaa4;2020-11-19T20_19_20.051Z;0;3;12;24
ba5871e0c8d519c35c818eb8cee94c7f49e7eaa4;2020-11-19T21_13_46.692Z;0;3;10;26
ba5871e0c8d519c35c818eb8cee94c7f49e7eaa4;2020-11-19T21_47_19.154Z;0;3;10;26
ba5871e0c8d519c35c818eb8cee94c7f49e7eaa4;2020-11-19T22_18_08.464Z;0;3;10;26
ba5871e0c8d519c35c818eb8cee94c7f49e7eaa4;2020-11-19T22_55_15.167Z;0;3;6;30
ba5871e0c8d519c35c818eb8cee94c7f49e7eaa4;2020-11-23T02_00_30.569Z;1;0;0;17
ba5871e0c8d519c35c818eb8cee94c7f49e7eaa4;2020-11-23T03_25_18.709Z;1;0;0;17
ba5871e0c8d519c35c818eb8cee94c7f49e7eaa4;2020-11-23T06_37_58.586Z;0;3;6;30
ba5871e0c8d519c35c818eb8cee94c7f49e7eaa4;2020-11-23T06_37_58.600Z;0;0;0;36
ba5871e0c8d519c35c818eb8cee94c7f49e7eaa4;2020-11-23T06_39_34.102Z;0;3;13;23
ba5871e0c8d519c35c818eb8cee94c7f49e7eaa4;2020-11-23T20_18_26.708Z;0;1;12;24
ba5871e0c8d519c35c818eb8cee94c7f49e7eaa4;2020-11-23T21_25_09.049Z;0;3;10;26
ba5871e0c8d519c35c818eb8cee94c7f49e7eaa4;2020-11-23T21_44_20.255Z;0;1;8;28
ba5871e0c8d519c35c818eb8cee94c7f49e7eaa4;2020-11-23T22_04_17.617Z;0;7;11;25
ba5871e0c8d519c35c818eb8cee94c7f49e7eaa4;2020-11-23T22_39_53.214Z;1;0;0;17
ba5871e0c8d519c35c818eb8cee94c7f49e7eaa4;2020-11-23T22_58_23.387Z;0;3;6;30
ba5871e0c8d519c35c818eb8cee94c7f49e7eaa4;2020-11-23T23_15_35.782Z;0;1;5;31
ba5871e0c8d519c35c818eb8cee94c7f49e7eaa4;2020-11-23T23_57_25.449Z;0;1;5;31
ba5871e0c8d519c35c818eb8cee94c7f49e7eaa4;2020-11-24T00_18_32.529Z;0;1;5;31
ba5871e0c8d519c35c818eb8cee94c7f49e7eaa4;2020-11-24T02_16_23.201Z;1;0;0;17
ba5871e0c8d519c35c818eb8cee94c7f49e7eaa4;2020-11-24T20_48_45.279Z;0;1;2;34
ba5871e0c8d519c35c818eb8cee94c7f49e7eaa4;2020-11-25T00_48_47.468Z;0;0;0;36
ba5871e0c8d519c35c818eb8cee94c7f49e7eaa4;2020-11-25T01_48_37.398Z;0;1;2;34
ba5871e0c8d519c35c818eb8cee94c7f49e7eaa4;2020-11-25T22_44_58.204Z;0;0;0;36
ba5871e0c8d519c35c818eb8cee94c7f49e7eaa4;2020-11-25T22_58_14.343Z;0;0;0;36
ba5871e0c8d519c35c818eb8cee94c7f49e7eaa4;2020-11-25T23_07_13.156Z;0;0;0;36
bce6c9a25c13892e6af4da6592b09ab5a90e5515;2020-11-15T19_26_49.216Z;1;0;0;0
bce6c9a25c13892e6af4da6592b09ab5a90e5515;2020-11-15T19_39_34.622Z;2;0;0;0
bce6c9a25c13892e6af4da6592b09ab5a90e5515;2020-11-15T19_39_51.261Z;0;0;0;36
bce6c9a25c13892e6af4da6592b09ab5a90e5515;2020-11-15T19_47_35.382Z;0;0;0;13
bce6c9a25c13892e6af4da6592b09ab5a90e5515;2020-11-15T19_48_20.312Z;0;0;0;17
bce6c9a25c13892e6af4da6592b09ab5a90e5515;2020-11-15T19_49_19.305Z;0;0;0;36
bce6c9a25c13892e6af4da6592b09ab5a90e5515;2020-11-15T19_49_20.770Z;0;0;0;36
bce6c9a25c13892e6af4da6592b09ab5a90e5515;2020-11-15T19_49_21.880Z;0;0;0;36
bce6c9a25c13892e6af4da6592b09ab5a90e5515;2020-11-15T19_58_08.691Z;2;0;0;0
bce6c9a25c13892e6af4da6592b09ab5a90e5515;2020-11-15T22_00_29.354Z;0;0;4;32
bce6c9a25c13892e6af4da6592b09ab5a90e5515;2020-11-15T22_18_12.082Z;0;0;0;36
bce6c9a25c13892e6af4da6592b09ab5a90e5515;2020-11-15T23_06_56.000Z;1;0;0;17
bce6c9a25c13892e6af4da6592b09ab5a90e5515;2020-11-16T00_11_50.851Z;1;0;0;17
bce6c9a25c13892e6af4da6592b09ab5a90e5515;2020-11-16T04_24_16.495Z;0;0;4;27
bce6c9a25c13892e6af4da6592b09ab5a90e5515;2020-11-16T04_59_05.578Z;0;2;4;27
bce6c9a25c13892e6af4da6592b09ab5a90e5515;2020-11-16T18_47_50.541Z;0;0;0;36
bce6c9a25c13892e6af4da6592b09ab5a90e5515;2020-11-16T18_58_57.568Z;0;0;0;36
bce6c9a25c13892e6af4da6592b09ab5a90e5515;2020-11-16T19_13_16.176Z;0;4;4;32
bce6c9a25c13892e6af4da6592b09ab5a90e5515;2020-11-16T19_14_58.290Z;0;0;0;36
bce6c9a25c13892e6af4da6592b09ab5a90e5515;2020-11-16T20_14_55.330Z;0;4;4;32
bce6c9a25c13892e6af4da6592b09ab5a90e5515;2020-11-16T20_24_36.090Z;0;0;0;36
bce6c9a25c13892e6af4da6592b09ab5a90e5515;2020-11-16T20_35_15.255Z;0;4;4;32
bce6c9a25c13892e6af4da6592b09ab5a90e5515;2020-11-17T00_12_31.777Z;0;0;0;36
bce6c9a25c13892e6af4da6592b09ab5a90e5515;2020-11-17T00_55_54.815Z;0;4;4;32
bce6c9a25c13892e6af4da6592b09ab5a90e5515;2020-11-17T01_01_14.485Z;0;0;0;36
bce6c9a25c13892e6af4da6592b09ab5a90e5515;2020-11-17T01_35_11.963Z;0;0;0;36
bce6c9a25c13892e6af4da6592b09ab5a90e5515;2020-11-17T01_35_23.799Z;0;0;0;36
bce6c9a25c13892e6af4da6592b09ab5a90e5515;2020-11-17T01_39_59.202Z;0;0;0;36
bce6c9a25c13892e6af4da6592b09ab5a90e5515;2020-11-17T01_57_37.986Z;0;0;0;36
bce6c9a25c13892e6af4da6592b09ab5a90e5515;2020-11-17T02_35_02.129Z;0;0;0;36
bce6c9a25c13892e6af4da6592b09ab5a90e5515;2020-11-17T02_40_40.157Z;0;0;0;36
bce6c9a25c13892e6af4da6592b09ab5a90e5515;2020-11-25T22_30_35.818Z;0;0;0;36
bce6c9a25c13892e6af4da6592b09ab5a90e5515;2020-12-02T04_38_00.793Z;0;0;0;36
bcecca23914ff5e3b78d6f043dac4e641bf1592e;2020-11-25T23_12_41.883Z;0;0;0;36
bcecca23914ff5e3b78d6f043dac4e641bf1592e;2020-11-25T23_13_08.545Z;0;0;0;13
bcecca23914ff5e3b78d6f043dac4e641bf1592e;2020-11-25T23_18_25.700Z;0;0;0;36
bcecca23914ff5e3b78d6f043dac4e641bf1592e;2020-11-25T23_18_40.429Z;1;0;0;17
bcecca23914ff5e3b78d6f043dac4e641bf1592e;2020-11-26T00_59_51.419Z;0;0;0;36
bcecca23914ff5e3b78d6f043dac4e641bf1592e;2020-11-26T01_02_40.653Z;0;0;13;23
bcecca23914ff5e3b78d6f043dac4e641bf1592e;2020-11-26T01_03_34.360Z;1;4;7;7
bcecca23914ff5e3b78d6f043dac4e641bf1592e;2020-11-26T01_06_55.355Z;0;0;0;36
bcecca23914ff5e3b78d6f043dac4e641bf1592e;2020-11-26T01_09_25.415Z;0;0;0;36
bcecca23914ff5e3b78d6f043dac4e641bf1592e;2020-11-26T01_15_53.830Z;2;0;0;0
bcecca23914ff5e3b78d6f043dac4e641bf1592e;2020-11-26T02_39_17.643Z;0;0;5;31
bcecca23914ff5e3b78d6f043dac4e641bf1592e;2020-11-26T04_27_07.215Z;0;1;13;23
bcecca23914ff5e3b78d6f043dac4e641bf1592e;2020-11-26T04_29_23.362Z;0;0;5;31
c090aea6396949a3e236f180d10c0a6d2c0830c2;2020-11-25T20_39_36.821Z;0;0;0;36
c090aea6396949a3e236f180d10c0a6d2c0830c2;2020-11-25T21_01_29.210Z;1;0;0;0
c090aea6396949a3e236f180d10c0a6d2c0830c2;2020-11-25T21_11_47.877Z;2;0;0;0
c090aea6396949a3e236f180d10c0a6d2c0830c2;2020-11-26T01_44_12.516Z;0;0;0;36
c090aea6396949a3e236f180d10c0a6d2c0830c2;2020-11-26T01_44_59.993Z;0;0;0;36
c090aea6396949a3e236f180d10c0a6d2c0830c2;2020-11-26T01_45_07.969Z;0;0;0;36
c090aea6396949a3e236f180d10c0a6d2c0830c2;2020-11-26T01_50_33.245Z;0;0;0;13
c090aea6396949a3e236f180d10c0a6d2c0830c2;2020-11-26T01_56_18.825Z;0;0;13;23
c090aea6396949a3e236f180d10c0a6d2c0830c2;2020-11-26T02_29_10.282Z;0;2;2;34
c090aea6396949a3e236f180d10c0a6d2c0830c2;2020-11-26T04_26_43.982Z;0;2;2;34
c090aea6396949a3e236f180d10c0a6d2c0830c2;2020-11-26T04_48_53.295Z;0;0;0;36
c090aea6396949a3e236f180d10c0a6d2c0830c2;2020-11-26T04_56_04.539Z;0;0;0;36
c090aea6396949a3e236f180d10c0a6d2c0830c2;2020-11-26T04_56_04.545Z;0;2;2;34
c090aea6396949a3e236f180d10c0a6d2c0830c2;2020-11-26T04_56_04.552Z;1;0;0;17
c0c9189b7b9396f01b6da23677de6c1f2ca8bba7;2020-11-17T22_57_22.841Z;0;0;0;36
c0c9189b7b9396f01b6da23677de6c1f2ca8bba7;2020-11-17T22_59_33.094Z;0;0;0;36
c0c9189b7b9396f01b6da23677de6c1f2ca8bba7;2020-11-17T23_54_59.434Z;1;0;0;0
c0c9189b7b9396f01b6da23677de6c1f2ca8bba7;2020-11-17T23_55_11.610Z;0;0;0;36
c0c9189b7b9396f01b6da23677de6c1f2ca8bba7;2020-11-17T23_58_12.827Z;0;0;0;36
c0c9189b7b9396f01b6da23677de6c1f2ca8bba7;2020-11-18T00_11_22.339Z;2;0;0;0
c0c9189b7b9396f01b6da23677de6c1f2ca8bba7;2020-11-18T00_29_28.744Z;2;0;0;0
c0c9189b7b9396f01b6da23677de6c1f2ca8bba7;2020-11-18T01_11_08.112Z;0;0;0;36
c0c9189b7b9396f01b6da23677de6c1f2ca8bba7;2020-11-18T01_11_11.790Z;0;0;0;36
c0c9189b7b9396f01b6da23677de6c1f2ca8bba7;2020-11-18T01_11_17.509Z;0;0;0;36
c0c9189b7b9396f01b6da23677de6c1f2ca8bba7;2020-11-18T01_40_19.133Z;0;0;0;31
c0c9189b7b9396f01b6da23677de6c1f2ca8bba7;2020-11-18T14_57_33.253Z;0;0;0;31
c0c9189b7b9396f01b6da23677de6c1f2ca8bba7;2020-11-18T15_05_52.933Z;0;0;0;13
c0c9189b7b9396f01b6da23677de6c1f2ca8bba7;2020-11-18T15_51_30.254Z;0;0;0;17
c0c9189b7b9396f01b6da23677de6c1f2ca8bba7;2020-11-20T00_11_54.294Z;0;3;3;18
c0c9189b7b9396f01b6da23677de6c1f2ca8bba7;2020-11-20T01_29_54.086Z;0;0;0;31
c0c9189b7b9396f01b6da23677de6c1f2ca8bba7;2020-11-20T02_28_36.653Z;0;0;0;36
c0c9189b7b9396f01b6da23677de6c1f2ca8bba7;2020-11-20T02_29_04.387Z;0;0;0;36
c0c9189b7b9396f01b6da23677de6c1f2ca8bba7;2020-11-20T02_31_28.327Z;0;0;0;36
c0c9189b7b9396f01b6da23677de6c1f2ca8bba7;2020-11-20T02_51_20.660Z;0;2;2;34
c0c9189b7b9396f01b6da23677de6c1f2ca8bba7;2020-11-24T00_35_20.024Z;0;0;0;36
c0c9189b7b9396f01b6da23677de6c1f2ca8bba7;2020-11-24T01_10_28.565Z;0;0;0;36
c0c9189b7b9396f01b6da23677de6c1f2ca8bba7;2020-11-24T01_34_51.315Z;0;0;0;36
c0c9189b7b9396f01b6da23677de6c1f2ca8bba7;2020-11-24T01_47_06.534Z;0;0;0;36
c0c9189b7b9396f01b6da23677de6c1f2ca8bba7;2020-11-26T00_22_46.027Z;0;0;0;36
c1c1f0a1fe3eee55891c2f5d9a921e0c0d7e1005;2020-11-16T00_50_59.448Z;1;0;0;0
c1c1f0a1fe3eee55891c2f5d9a921e0c0d7e1005;2020-11-16T00_52_15.098Z;0;0;0;36
c1c1f0a1fe3eee55891c2f5d9a921e0c0d7e1005;2020-11-16T00_52_22.276Z;0;0;0;36
c1c1f0a1fe3eee55891c2f5d9a921e0c0d7e1005;2020-11-16T00_53_14.697Z;0;0;0;13
c1c1f0a1fe3eee55891c2f5d9a921e0c0d7e1005;2020-11-16T00_53_59.952Z;1;0;0;17
c1c1f0a1fe3eee55891c2f5d9a921e0c0d7e1005;2020-11-16T01_25_39.992Z;0;0;13;23
c1c1f0a1fe3eee55891c2f5d9a921e0c0d7e1005;2020-11-16T01_33_42.744Z;0;11;15;21
c1c1f0a1fe3eee55891c2f5d9a921e0c0d7e1005;2020-11-16T01_51_13.625Z;2;0;0;0
c1c1f0a1fe3eee55891c2f5d9a921e0c0d7e1005;2020-11-16T02_56_22.336Z;2;0;0;0
c1c1f0a1fe3eee55891c2f5d9a921e0c0d7e1005;2020-11-16T04_31_35.169Z;0;0;0;36
c1c1f0a1fe3eee55891c2f5d9a921e0c0d7e1005;2020-11-16T13_46_39.431Z;0;0;0;36
c1c1f0a1fe3eee55891c2f5d9a921e0c0d7e1005;2020-11-16T14_19_28.390Z;0;0;0;36
c1c1f0a1fe3eee55891c2f5d9a921e0c0d7e1005;2020-11-16T14_41_37.521Z;0;0;0;36
c1c1f0a1fe3eee55891c2f5d9a921e0c0d7e1005;2020-11-16T14_42_06.203Z;0;0;13;23
c1c1f0a1fe3eee55891c2f5d9a921e0c0d7e1005;2020-11-16T16_51_36.998Z;0;0;0;36
c1c1f0a1fe3eee55891c2f5d9a921e0c0d7e1005;2020-11-16T16_53_55.256Z;0;0;13;23
c1c1f0a1fe3eee55891c2f5d9a921e0c0d7e1005;2020-11-16T17_58_02.435Z;0;0;0;36
c1c1f0a1fe3eee55891c2f5d9a921e0c0d7e1005;2020-11-17T00_07_28.673Z;0;0;0;36
c1c1f0a1fe3eee55891c2f5d9a921e0c0d7e1005;2020-11-17T03_03_24.110Z;0;0;0;36
c1c1f0a1fe3eee55891c2f5d9a921e0c0d7e1005;2020-11-17T03_03_53.071Z;0;0;13;23
c1c1f0a1fe3eee55891c2f5d9a921e0c0d7e1005;2020-11-18T02_52_42.488Z;0;0;0;36
c1c1f0a1fe3eee55891c2f5d9a921e0c0d7e1005;2020-11-19T17_46_01.784Z;0;0;12;24
c1c1f0a1fe3eee55891c2f5d9a921e0c0d7e1005;2020-11-19T18_47_34.414Z;1;0;0;17
c1c1f0a1fe3eee55891c2f5d9a921e0c0d7e1005;2020-11-19T19_54_43.209Z;1;0;0;17
c1c1f0a1fe3eee55891c2f5d9a921e0c0d7e1005;2020-11-19T20_37_25.998Z;0;0;0;36
c1c1f0a1fe3eee55891c2f5d9a921e0c0d7e1005;2020-11-20T13_10_18.188Z;0;0;0;36
c1c1f0a1fe3eee55891c2f5d9a921e0c0d7e1005;2020-11-20T13_10_18.198Z;0;0;0;36
c1c1f0a1fe3eee55891c2f5d9a921e0c0d7e1005;2020-11-20T13_10_18.212Z;0;0;0;36
c1c1f0a1fe3eee55891c2f5d9a921e0c0d7e1005;2020-11-20T13_28_29.055Z;0;0;0;36
c1c1f0a1fe3eee55891c2f5d9a921e0c0d7e1005;2020-11-20T14_14_18.935Z;0;0;0;36
c2602bcc459c63ef5986cba9d78253119f74c567;2020-11-16T05_08_29.988Z;0;0;0;36
c2602bcc459c63ef5986cba9d78253119f74c567;2020-11-16T23_00_29.808Z;1;0;0;0
c2602bcc459c63ef5986cba9d78253119f74c567;2020-11-16T23_00_53.387Z;0;0;0;13
c2602bcc459c63ef5986cba9d78253119f74c567;2020-11-16T23_07_00.546Z;0;0;0;17
c2602bcc459c63ef5986cba9d78253119f74c567;2020-11-16T23_18_37.580Z;0;0;0;36
c2602bcc459c63ef5986cba9d78253119f74c567;2020-11-16T23_18_49.931Z;0;0;0;36
c2602bcc459c63ef5986cba9d78253119f74c567;2020-11-16T23_19_03.161Z;0;0;0;36
c2602bcc459c63ef5986cba9d78253119f74c567;2020-11-16T23_59_42.929Z;0;6;8;28
c2602bcc459c63ef5986cba9d78253119f74c567;2020-11-17T02_36_57.346Z;0;0;0;36
c2602bcc459c63ef5986cba9d78253119f74c567;2020-11-18T00_23_43.333Z;0;0;13;23
c2602bcc459c63ef5986cba9d78253119f74c567;2020-11-18T02_36_54.160Z;0;0;7;29
c2602bcc459c63ef5986cba9d78253119f74c567;2020-11-18T05_44_37.305Z;0;0;7;29
c2602bcc459c63ef5986cba9d78253119f74c567;2020-11-18T22_34_57.236Z;0;0;0;36
c2602bcc459c63ef5986cba9d78253119f74c567;2020-11-18T22_38_10.655Z;0;0;0;36
c2602bcc459c63ef5986cba9d78253119f74c567;2020-11-18T22_39_08.479Z;0;0;0;36
c2602bcc459c63ef5986cba9d78253119f74c567;2020-11-18T22_47_09.508Z;0;0;1;35
c2602bcc459c63ef5986cba9d78253119f74c567;2020-11-18T23_18_34.260Z;0;0;0;36
c2602bcc459c63ef5986cba9d78253119f74c567;2020-11-18T23_20_13.232Z;0;0;1;35
c2602bcc459c63ef5986cba9d78253119f74c567;2020-11-18T23_41_29.430Z;0;0;0;36
c2602bcc459c63ef5986cba9d78253119f74c567;2020-11-18T23_58_14.885Z;0;0;0;36
c2a32a9dd1f7c70f0249589f590c01385948a7b4;2020-11-18T22_23_25.396Z;1;0;0;0
c2a32a9dd1f7c70f0249589f590c01385948a7b4;2020-11-18T22_24_19.842Z;0;0;0;36
c2a32a9dd1f7c70f0249589f590c01385948a7b4;2020-11-18T22_28_42.336Z;0;0;0;36
c2a32a9dd1f7c70f0249589f590c01385948a7b4;2020-11-18T22_31_02.351Z;2;0;0;0
c2a32a9dd1f7c70f0249589f590c01385948a7b4;2020-11-18T22_55_35.055Z;2;0;0;0
c2a32a9dd1f7c70f0249589f590c01385948a7b4;2020-11-23T02_26_35.597Z;0;0;0;13
c2a32a9dd1f7c70f0249589f590c01385948a7b4;2020-11-23T02_27_01.762Z;0;0;0;13
c2a32a9dd1f7c70f0249589f590c01385948a7b4;2020-11-23T02_34_57.340Z;2;0;0;0
c2a32a9dd1f7c70f0249589f590c01385948a7b4;2020-11-23T02_59_12.321Z;0;0;0;13
c2a32a9dd1f7c70f0249589f590c01385948a7b4;2020-11-23T02_59_27.186Z;0;0;0;36
c2a32a9dd1f7c70f0249589f590c01385948a7b4;2020-11-23T02_59_55.039Z;0;0;0;36
c2a32a9dd1f7c70f0249589f590c01385948a7b4;2020-11-23T02_59_56.904Z;0;0;0;36
c2a32a9dd1f7c70f0249589f590c01385948a7b4;2020-11-23T03_26_52.792Z;1;1;1;14
c2a32a9dd1f7c70f0249589f590c01385948a7b4;2020-11-23T05_10_04.144Z;0;1;1;35
c2a32a9dd1f7c70f0249589f590c01385948a7b4;2020-11-23T06_33_38.775Z;0;1;1;35
c2a32a9dd1f7c70f0249589f590c01385948a7b4;2020-11-23T18_52_45.363Z;0;1;1;35
c2a32a9dd1f7c70f0249589f590c01385948a7b4;2020-11-23T19_10_48.728Z;1;0;0;17
c2a32a9dd1f7c70f0249589f590c01385948a7b4;2020-11-23T20_17_38.018Z;0;0;0;17
c2a32a9dd1f7c70f0249589f590c01385948a7b4;2020-11-23T20_41_29.267Z;0;0;0;17
c2a32a9dd1f7c70f0249589f590c01385948a7b4;2020-11-24T02_48_38.289Z;1;0;0;17
c2a32a9dd1f7c70f0249589f590c01385948a7b4;2020-11-24T03_05_33.731Z;1;0;0;17
c2a32a9dd1f7c70f0249589f590c01385948a7b4;2020-11-24T04_15_45.982Z;0;0;0;26
c2a32a9dd1f7c70f0249589f590c01385948a7b4;2020-11-24T23_03_09.026Z;1;0;0;17
c2a32a9dd1f7c70f0249589f590c01385948a7b4;2020-11-24T23_17_24.853Z;0;0;0;36
c2a32a9dd1f7c70f0249589f590c01385948a7b4;2020-11-24T23_22_08.853Z;0;0;0;36
c2a32a9dd1f7c70f0249589f590c01385948a7b4;2020-11-24T23_35_15.954Z;0;0;0;36
c2a32a9dd1f7c70f0249589f590c01385948a7b4;2020-11-24T23_56_28.676Z;0;0;0;36
c2a32a9dd1f7c70f0249589f590c01385948a7b4;2020-11-25T00_31_46.491Z;0;0;0;36
c2a32a9dd1f7c70f0249589f590c01385948a7b4;2020-11-25T01_27_02.189Z;0;0;0;36
c2a32a9dd1f7c70f0249589f590c01385948a7b4;2020-11-25T02_02_51.353Z;0;0;0;36
c2a32a9dd1f7c70f0249589f590c01385948a7b4;2020-11-25T02_05_41.098Z;0;0;0;36
c2a32a9dd1f7c70f0249589f590c01385948a7b4;2020-11-25T02_16_23.515Z;0;0;0;36
c2a32a9dd1f7c70f0249589f590c01385948a7b4;2020-11-25T02_34_58.324Z;0;0;0;36
c3fc16e36541476612e0bb0f315be56cc89f2256;2020-11-23T03_22_40.553Z;0;0;0;36
c3fc16e36541476612e0bb0f315be56cc89f2256;2020-11-23T03_22_42.568Z;0;0;0;36
c3fc16e36541476612e0bb0f315be56cc89f2256;2020-11-23T03_22_44.131Z;0;0;0;36
c3fc16e36541476612e0bb0f315be56cc89f2256;2020-11-25T00_00_48.667Z;1;0;0;0
c3fc16e36541476612e0bb0f315be56cc89f2256;2020-11-25T00_01_18.966Z;2;0;0;0
c3fc16e36541476612e0bb0f315be56cc89f2256;2020-11-25T00_01_52.770Z;0;0;0;13
c3fc16e36541476612e0bb0f315be56cc89f2256;2020-11-25T00_02_05.161Z;1;0;0;17
c3fc16e36541476612e0bb0f315be56cc89f2256;2020-11-25T00_25_13.427Z;2;0;0;0
c3fc16e36541476612e0bb0f315be56cc89f2256;2020-11-25T00_25_18.034Z;1;0;0;17
c3fc16e36541476612e0bb0f315be56cc89f2256;2020-11-25T01_14_50.277Z;2;0;0;0
c3fc16e36541476612e0bb0f315be56cc89f2256;2020-11-25T01_55_05.532Z;2;0;0;0
c3fc16e36541476612e0bb0f315be56cc89f2256;2020-11-25T02_24_18.648Z;2;0;0;0
c3fc16e36541476612e0bb0f315be56cc89f2256;2020-11-25T02_51_53.138Z;2;0;0;0
c3fc16e36541476612e0bb0f315be56cc89f2256;2020-11-25T03_11_13.612Z;2;0;0;0
c3fc16e36541476612e0bb0f315be56cc89f2256;2020-11-25T04_07_51.658Z;2;0;0;0
c3fc16e36541476612e0bb0f315be56cc89f2256;2020-11-25T04_30_23.179Z;0;0;0;36
c3fc16e36541476612e0bb0f315be56cc89f2256;2020-11-25T04_30_27.083Z;0;0;0;36
c3fc16e36541476612e0bb0f315be56cc89f2256;2020-11-25T04_30_30.294Z;0;0;0;36
c3fc16e36541476612e0bb0f315be56cc89f2256;2020-11-25T04_30_33.543Z;0;0;0;13
c3fc16e36541476612e0bb0f315be56cc89f2256;2020-11-25T04_43_51.612Z;2;0;0;0
c3fc16e36541476612e0bb0f315be56cc89f2256;2020-11-25T06_47_09.710Z;0;1;7;29
c3fc16e36541476612e0bb0f315be56cc89f2256;2020-11-25T15_17_10.662Z;1;0;0;17
c3fc16e36541476612e0bb0f315be56cc89f2256;2020-11-25T17_16_45.963Z;1;0;0;17
c3fc16e36541476612e0bb0f315be56cc89f2256;2020-11-25T18_10_35.723Z;0;0;0;17
c3fc16e36541476612e0bb0f315be56cc89f2256;2020-11-25T19_04_01.289Z;1;0;0;17
c3fc16e36541476612e0bb0f315be56cc89f2256;2020-11-25T20_24_03.054Z;0;3;3;18
c3fc16e36541476612e0bb0f315be56cc89f2256;2020-11-25T21_46_19.322Z;1;0;0;17
c3fc16e36541476612e0bb0f315be56cc89f2256;2020-11-26T04_04_14.004Z;0;1;8;28
c3fc16e36541476612e0bb0f315be56cc89f2256;2020-11-26T17_36_52.376Z;1;0;0;17
c3fc16e36541476612e0bb0f315be56cc89f2256;2020-11-26T18_00_33.100Z;1;0;0;17
c3fc16e36541476612e0bb0f315be56cc89f2256;2020-11-27T01_54_35.915Z;0;3;8;28
c3fc16e36541476612e0bb0f315be56cc89f2256;2020-11-27T02_17_29.809Z;0;1;7;29
c3fc16e36541476612e0bb0f315be56cc89f2256;2020-11-27T03_07_22.509Z;0;3;6;30
c3fc16e36541476612e0bb0f315be56cc89f2256;2020-11-27T03_19_21.757Z;0;1;5;31
c3fc16e36541476612e0bb0f315be56cc89f2256;2020-11-27T03_26_00.472Z;0;2;5;31
c3fc16e36541476612e0bb0f315be56cc89f2256;2020-11-27T04_00_01.526Z;0;1;1;35
c3fc16e36541476612e0bb0f315be56cc89f2256;2020-11-27T04_29_36.289Z;0;1;1;35
c3fc16e36541476612e0bb0f315be56cc89f2256;2020-11-27T04_55_00.823Z;0;0;0;36
c3fc16e36541476612e0bb0f315be56cc89f2256;2020-11-27T04_58_14.373Z;0;1;1;35
c3fc16e36541476612e0bb0f315be56cc89f2256;2020-11-27T04_58_29.273Z;0;0;0;36
c3fc16e36541476612e0bb0f315be56cc89f2256;2020-11-27T04_58_33.417Z;0;0;0;36
c3fc16e36541476612e0bb0f315be56cc89f2256;2020-11-27T04_58_38.154Z;0;0;0;36
c42a26e12767fd486062cdf3ac84420acbc71766;2020-11-24T19_59_47.660Z;0;0;0;36
c42a26e12767fd486062cdf3ac84420acbc71766;2020-11-24T21_05_19.390Z;0;0;0;36
c42a26e12767fd486062cdf3ac84420acbc71766;2020-11-24T21_10_10.232Z;0;1;1;35
c42a26e12767fd486062cdf3ac84420acbc71766;2020-11-24T21_10_39.664Z;0;0;0;36
c42a26e12767fd486062cdf3ac84420acbc71766;2020-11-24T21_16_36.917Z;0;0;0;36
c42a26e12767fd486062cdf3ac84420acbc71766;2020-11-24T21_20_32.681Z;0;0;0;36
c42a26e12767fd486062cdf3ac84420acbc71766;2020-11-25T18_52_58.356Z;0;0;0;36
c4655f02078e14a8504b692a8f7f62e3571ff38f;2020-11-18T23_36_53.248Z;0;0;0;36
c4655f02078e14a8504b692a8f7f62e3571ff38f;2020-11-18T23_37_13.611Z;0;0;0;36
c4655f02078e14a8504b692a8f7f62e3571ff38f;2020-11-18T23_39_04.146Z;1;0;0;0
c4655f02078e14a8504b692a8f7f62e3571ff38f;2020-11-19T00_12_48.722Z;0;0;0;36
c4655f02078e14a8504b692a8f7f62e3571ff38f;2020-11-19T00_12_56.198Z;0;0;0;36
c4655f02078e14a8504b692a8f7f62e3571ff38f;2020-11-19T02_32_29.968Z;0;1;3;33
c4655f02078e14a8504b692a8f7f62e3571ff38f;2020-11-23T03_54_26.115Z;0;0;0;13
c4655f02078e14a8504b692a8f7f62e3571ff38f;2020-11-23T03_58_22.276Z;0;1;3;33
c4655f02078e14a8504b692a8f7f62e3571ff38f;2020-11-23T04_42_18.176Z;1;0;0;17
c4655f02078e14a8504b692a8f7f62e3571ff38f;2020-11-23T04_47_06.642Z;0;0;2;34
c4655f02078e14a8504b692a8f7f62e3571ff38f;2020-11-23T12_06_21.470Z;0;2;2;24
c4655f02078e14a8504b692a8f7f62e3571ff38f;2020-11-23T12_25_43.497Z;0;0;0;36
c4655f02078e14a8504b692a8f7f62e3571ff38f;2020-11-23T12_41_58.606Z;0;0;0;36
c4655f02078e14a8504b692a8f7f62e3571ff38f;2020-11-23T12_42_03.039Z;0;0;0;36
c4655f02078e14a8504b692a8f7f62e3571ff38f;2020-11-23T13_40_22.970Z;0;1;2;34
c4655f02078e14a8504b692a8f7f62e3571ff38f;2020-11-23T14_00_59.870Z;0;1;2;34
c4655f02078e14a8504b692a8f7f62e3571ff38f;2020-11-23T14_38_11.343Z;0;1;2;34
c4655f02078e14a8504b692a8f7f62e3571ff38f;2020-11-23T14_46_42.096Z;0;0;0;36
c4655f02078e14a8504b692a8f7f62e3571ff38f;2020-11-23T15_26_00.809Z;0;0;0;36
c4655f02078e14a8504b692a8f7f62e3571ff38f;2020-11-23T16_10_18.335Z;0;0;0;36
c4655f02078e14a8504b692a8f7f62e3571ff38f;2020-11-23T16_11_34.676Z;0;0;0;36
c7aadf4912f25ac6317e98926d87a85c772adc2d;2020-11-25T20_26_42.398Z;0;0;0;36
c7aadf4912f25ac6317e98926d87a85c772adc2d;2020-11-25T20_29_31.188Z;1;0;0;0
c7aadf4912f25ac6317e98926d87a85c772adc2d;2020-11-25T20_36_59.558Z;0;1;8;28
c7aadf4912f25ac6317e98926d87a85c772adc2d;2020-11-25T20_36_59.565Z;0;0;0;36
c7aadf4912f25ac6317e98926d87a85c772adc2d;2020-11-25T20_38_01.950Z;0;0;0;13
c7aadf4912f25ac6317e98926d87a85c772adc2d;2020-11-25T20_53_39.650Z;0;1;8;28
c7aadf4912f25ac6317e98926d87a85c772adc2d;2020-11-25T21_01_10.160Z;1;0;0;17
c7aadf4912f25ac6317e98926d87a85c772adc2d;2020-11-25T21_29_48.696Z;1;0;0;17
c7daed73009c0d31a410be0d1212d298cf9b7f92;2020-11-22T04_42_25.856Z;0;0;0;36
c7daed73009c0d31a410be0d1212d298cf9b7f92;2020-11-25T09_53_20.381Z;1;0;0;0
c7daed73009c0d31a410be0d1212d298cf9b7f92;2020-11-25T10_48_33.118Z;0;0;0;13
c7daed73009c0d31a410be0d1212d298cf9b7f92;2020-11-25T11_01_23.014Z;0;0;13;23
c7daed73009c0d31a410be0d1212d298cf9b7f92;2020-11-25T11_44_40.164Z;0;4;9;27
c7daed73009c0d31a410be0d1212d298cf9b7f92;2020-11-25T12_18_01.452Z;0;4;4;32
c7daed73009c0d31a410be0d1212d298cf9b7f92;2020-11-25T12_56_37.579Z;0;0;0;36
c7daed73009c0d31a410be0d1212d298cf9b7f92;2020-11-25T14_03_38.043Z;0;0;13;23
c7daed73009c0d31a410be0d1212d298cf9b7f92;2020-11-25T14_34_23.203Z;0;0;13;23
c7daed73009c0d31a410be0d1212d298cf9b7f92;2020-11-25T16_00_45.100Z;0;0;6;30
c7daed73009c0d31a410be0d1212d298cf9b7f92;2020-11-25T17_00_31.943Z;0;4;4;32
c7daed73009c0d31a410be0d1212d298cf9b7f92;2020-11-25T17_04_31.652Z;0;0;0;36
c7daed73009c0d31a410be0d1212d298cf9b7f92;2020-11-25T17_22_33.295Z;1;0;0;17
c7daed73009c0d31a410be0d1212d298cf9b7f92;2020-11-25T17_41_30.601Z;0;4;4;32
c7daed73009c0d31a410be0d1212d298cf9b7f92;2020-11-25T19_16_13.656Z;0;0;2;34
c7daed73009c0d31a410be0d1212d298cf9b7f92;2020-11-25T19_43_42.678Z;0;0;2;34
c7daed73009c0d31a410be0d1212d298cf9b7f92;2020-11-25T20_18_45.680Z;0;0;0;36
c7daed73009c0d31a410be0d1212d298cf9b7f92;2020-11-25T20_29_57.574Z;0;0;0;36
c7daed73009c0d31a410be0d1212d298cf9b7f92;2020-11-25T21_10_27.046Z;0;0;0;36
c7daed73009c0d31a410be0d1212d298cf9b7f92;2020-11-26T04_27_35.104Z;0;0;0;36
c7daed73009c0d31a410be0d1212d298cf9b7f92;2020-11-26T05_14_30.758Z;0;0;0;36
c7daed73009c0d31a410be0d1212d298cf9b7f92;2020-11-26T05_45_51.690Z;0;0;0;36
c7daed73009c0d31a410be0d1212d298cf9b7f92;2020-11-26T12_58_06.313Z;0;0;0;36
c7daed73009c0d31a410be0d1212d298cf9b7f92;2020-12-04T10_20_20.763Z;0;0;0;36
c7daed73009c0d31a410be0d1212d298cf9b7f92;2020-12-04T10_44_24.378Z;0;0;0;36
c7daed73009c0d31a410be0d1212d298cf9b7f92;2020-12-04T11_04_43.637Z;0;0;0;36
c8644b4cd562816bcc1a3c5dd236ec0d1a178ee1;2020-11-13T18_52_11.231Z;0;0;0;36
c8644b4cd562816bcc1a3c5dd236ec0d1a178ee1;2020-11-13T18_52_16.940Z;0;0;0;36
c8644b4cd562816bcc1a3c5dd236ec0d1a178ee1;2020-11-14T20_15_04.644Z;0;0;0;36
c8644b4cd562816bcc1a3c5dd236ec0d1a178ee1;2020-11-14T20_16_27.486Z;1;0;0;0
c8644b4cd562816bcc1a3c5dd236ec0d1a178ee1;2020-11-14T20_17_20.596Z;0;0;0;13
c8644b4cd562816bcc1a3c5dd236ec0d1a178ee1;2020-11-14T20_26_51.373Z;0;0;13;23
c8644b4cd562816bcc1a3c5dd236ec0d1a178ee1;2020-11-14T20_45_20.893Z;0;16;20;16
c8644b4cd562816bcc1a3c5dd236ec0d1a178ee1;2020-11-16T00_24_59.679Z;0;16;20;16
c8644b4cd562816bcc1a3c5dd236ec0d1a178ee1;2020-11-16T00_36_12.287Z;2;0;0;0
c8644b4cd562816bcc1a3c5dd236ec0d1a178ee1;2020-11-16T00_51_25.576Z;1;0;0;17
c8644b4cd562816bcc1a3c5dd236ec0d1a178ee1;2020-11-18T01_59_13.309Z;2;0;0;0
c8644b4cd562816bcc1a3c5dd236ec0d1a178ee1;2020-11-18T02_34_51.244Z;0;0;13;23
c8644b4cd562816bcc1a3c5dd236ec0d1a178ee1;2020-11-18T03_03_33.104Z;0;12;16;20
c8644b4cd562816bcc1a3c5dd236ec0d1a178ee1;2020-11-18T03_26_46.854Z;2;0;0;0
c8644b4cd562816bcc1a3c5dd236ec0d1a178ee1;2020-11-18T04_01_55.821Z;0;0;0;36
c8644b4cd562816bcc1a3c5dd236ec0d1a178ee1;2020-11-18T04_01_55.828Z;0;0;13;23
c8644b4cd562816bcc1a3c5dd236ec0d1a178ee1;2020-11-18T04_01_55.835Z;0;0;0;36
c8644b4cd562816bcc1a3c5dd236ec0d1a178ee1;2020-11-18T04_01_55.853Z;0;0;0;36
c8644b4cd562816bcc1a3c5dd236ec0d1a178ee1;2020-11-18T04_18_33.168Z;2;0;0;0
c8644b4cd562816bcc1a3c5dd236ec0d1a178ee1;2020-11-18T05_01_07.749Z;0;15;15;21
c8644b4cd562816bcc1a3c5dd236ec0d1a178ee1;2020-11-18T05_11_33.932Z;1;0;0;17
c8644b4cd562816bcc1a3c5dd236ec0d1a178ee1;2020-11-18T06_31_47.248Z;1;0;0;17
c8644b4cd562816bcc1a3c5dd236ec0d1a178ee1;2020-11-18T06_35_37.939Z;0;15;15;21
c8644b4cd562816bcc1a3c5dd236ec0d1a178ee1;2020-11-18T18_09_03.196Z;0;0;13;23
c8644b4cd562816bcc1a3c5dd236ec0d1a178ee1;2020-11-18T18_13_57.843Z;0;15;15;21
c8644b4cd562816bcc1a3c5dd236ec0d1a178ee1;2020-11-18T18_57_15.154Z;0;15;15;21
c8644b4cd562816bcc1a3c5dd236ec0d1a178ee1;2020-11-18T20_54_15.633Z;0;0;0;36
c8644b4cd562816bcc1a3c5dd236ec0d1a178ee1;2020-11-18T20_54_15.651Z;0;3;3;33
c8644b4cd562816bcc1a3c5dd236ec0d1a178ee1;2020-11-18T21_52_39.818Z;1;0;0;17
c8644b4cd562816bcc1a3c5dd236ec0d1a178ee1;2020-11-18T21_55_02.570Z;0;2;2;34
c8644b4cd562816bcc1a3c5dd236ec0d1a178ee1;2020-11-18T22_18_44.628Z;0;0;0;36
c8644b4cd562816bcc1a3c5dd236ec0d1a178ee1;2020-11-18T22_31_27.439Z;0;0;0;36
c8644b4cd562816bcc1a3c5dd236ec0d1a178ee1;2020-11-18T23_21_15.757Z;1;0;0;17
c8644b4cd562816bcc1a3c5dd236ec0d1a178ee1;2020-11-19T01_18_16.634Z;0;2;5;31
c8644b4cd562816bcc1a3c5dd236ec0d1a178ee1;2020-11-19T01_55_40.029Z;0;0;5;31
c8644b4cd562816bcc1a3c5dd236ec0d1a178ee1;2020-11-19T03_02_30.590Z;0;0;3;33
c8644b4cd562816bcc1a3c5dd236ec0d1a178ee1;2020-11-19T05_41_01.052Z;0;0;3;33
c8644b4cd562816bcc1a3c5dd236ec0d1a178ee1;2020-11-19T21_33_29.681Z;1;0;0;17
c8644b4cd562816bcc1a3c5dd236ec0d1a178ee1;2020-11-19T22_25_13.780Z;0;0;2;34
c8644b4cd562816bcc1a3c5dd236ec0d1a178ee1;2020-11-19T23_27_48.447Z;0;0;2;34
c8644b4cd562816bcc1a3c5dd236ec0d1a178ee1;2020-11-22T19_33_24.302Z;0;0;2;34
c8644b4cd562816bcc1a3c5dd236ec0d1a178ee1;2020-11-22T19_53_18.038Z;1;0;0;17
c8644b4cd562816bcc1a3c5dd236ec0d1a178ee1;2020-11-23T04_33_19.586Z;0;0;0;36
c8644b4cd562816bcc1a3c5dd236ec0d1a178ee1;2020-11-23T04_37_20.015Z;0;0;2;34
c8644b4cd562816bcc1a3c5dd236ec0d1a178ee1;2020-11-23T05_27_11.053Z;0;0;0;36
c8644b4cd562816bcc1a3c5dd236ec0d1a178ee1;2020-11-23T05_36_44.397Z;0;0;2;34
c8644b4cd562816bcc1a3c5dd236ec0d1a178ee1;2020-11-23T05_37_52.700Z;0;0;0;36
c8644b4cd562816bcc1a3c5dd236ec0d1a178ee1;2020-11-24T03_43_21.606Z;0;0;0;36
c8644b4cd562816bcc1a3c5dd236ec0d1a178ee1;2020-11-24T04_11_02.522Z;0;0;0;36
c8644b4cd562816bcc1a3c5dd236ec0d1a178ee1;2020-11-24T21_10_05.652Z;0;0;0;36
c8644b4cd562816bcc1a3c5dd236ec0d1a178ee1;2020-11-24T21_28_23.678Z;0;0;0;36
c8644b4cd562816bcc1a3c5dd236ec0d1a178ee1;2020-11-24T21_44_05.929Z;0;0;0;36
caf15d25f4ffc5852c73026246492a2fa5a850e2;2020-11-23T19_19_40.749Z;1;0;0;0
caf15d25f4ffc5852c73026246492a2fa5a850e2;2020-11-23T19_22_05.893Z;2;0;0;0
caf15d25f4ffc5852c73026246492a2fa5a850e2;2020-11-23T21_13_23.776Z;0;0;0;13
caf15d25f4ffc5852c73026246492a2fa5a850e2;2020-11-23T21_15_24.783Z;0;0;15;21
caf15d25f4ffc5852c73026246492a2fa5a850e2;2020-11-23T21_16_03.931Z;0;0;13;23
caf15d25f4ffc5852c73026246492a2fa5a850e2;2020-11-24T01_09_12.317Z;0;0;0;36
caf15d25f4ffc5852c73026246492a2fa5a850e2;2020-11-24T01_09_43.493Z;0;0;0;36
caf15d25f4ffc5852c73026246492a2fa5a850e2;2020-11-24T01_37_35.448Z;0;11;13;23
caf15d25f4ffc5852c73026246492a2fa5a850e2;2020-11-24T01_59_52.211Z;0;11;11;25
caf15d25f4ffc5852c73026246492a2fa5a850e2;2020-11-24T19_03_17.111Z;0;0;4;32
caf15d25f4ffc5852c73026246492a2fa5a850e2;2020-11-24T22_44_04.800Z;0;0;4;32
caf15d25f4ffc5852c73026246492a2fa5a850e2;2020-11-24T23_23_10.102Z;0;0;0;36
caf15d25f4ffc5852c73026246492a2fa5a850e2;2020-11-24T23_35_36.977Z;1;0;0;17
caf15d25f4ffc5852c73026246492a2fa5a850e2;2020-11-25T00_28_03.690Z;0;0;13;23
caf15d25f4ffc5852c73026246492a2fa5a850e2;2020-11-25T00_57_18.235Z;0;0;13;23
caf15d25f4ffc5852c73026246492a2fa5a850e2;2020-11-25T19_58_19.006Z;0;0;13;23
caf15d25f4ffc5852c73026246492a2fa5a850e2;2020-11-25T20_52_57.264Z;0;0;7;29
caf15d25f4ffc5852c73026246492a2fa5a850e2;2020-11-25T21_23_34.853Z;0;0;6;30
caf15d25f4ffc5852c73026246492a2fa5a850e2;2020-11-25T21_36_40.485Z;0;0;4;32
caf15d25f4ffc5852c73026246492a2fa5a850e2;2020-11-25T23_27_37.379Z;0;0;0;36
caf15d25f4ffc5852c73026246492a2fa5a850e2;2020-11-25T23_27_53.700Z;0;0;4;32
caf15d25f4ffc5852c73026246492a2fa5a850e2;2020-11-25T23_52_59.924Z;0;2;6;30
caf15d25f4ffc5852c73026246492a2fa5a850e2;2020-11-26T01_20_25.502Z;0;2;6;30
caf15d25f4ffc5852c73026246492a2fa5a850e2;2020-11-26T01_37_35.149Z;0;2;2;34
caf15d25f4ffc5852c73026246492a2fa5a850e2;2020-11-26T02_16_15.787Z;0;2;2;34
caf15d25f4ffc5852c73026246492a2fa5a850e2;2020-11-26T02_51_22.612Z;0;0;0;36
caf15d25f4ffc5852c73026246492a2fa5a850e2;2020-11-26T02_54_38.783Z;0;2;2;34
caf15d25f4ffc5852c73026246492a2fa5a850e2;2020-11-26T04_24_32.119Z;0;0;0;36
caf15d25f4ffc5852c73026246492a2fa5a850e2;2020-11-26T04_26_12.372Z;0;0;0;36
ccc40dc59deb20f9d2aa162f32a897042c6ff8a1;2020-11-13T18_30_55.241Z;0;0;0;36
ccc40dc59deb20f9d2aa162f32a897042c6ff8a1;2020-11-13T18_31_39.139Z;0;0;0;36
ccc40dc59deb20f9d2aa162f32a897042c6ff8a1;2020-11-14T16_52_53.814Z;1;0;0;0
ccc40dc59deb20f9d2aa162f32a897042c6ff8a1;2020-11-14T16_56_13.359Z;0;0;0;36
ccc40dc59deb20f9d2aa162f32a897042c6ff8a1;2020-11-14T16_56_13.375Z;0;0;0;36
ccc40dc59deb20f9d2aa162f32a897042c6ff8a1;2020-11-14T17_16_43.096Z;2;0;0;0
ccc40dc59deb20f9d2aa162f32a897042c6ff8a1;2020-11-14T18_07_12.086Z;1;4;4;4
ccc40dc59deb20f9d2aa162f32a897042c6ff8a1;2020-11-14T18_08_29.761Z;0;0;0;13
ccc40dc59deb20f9d2aa162f32a897042c6ff8a1;2020-11-14T18_16_58.701Z;0;0;13;23
ccc40dc59deb20f9d2aa162f32a897042c6ff8a1;2020-11-15T18_56_28.846Z;1;5;8;6
ccc40dc59deb20f9d2aa162f32a897042c6ff8a1;2020-11-15T19_22_24.044Z;1;5;8;6
ccc40dc59deb20f9d2aa162f32a897042c6ff8a1;2020-11-15T20_54_55.415Z;2;0;0;0
ccc40dc59deb20f9d2aa162f32a897042c6ff8a1;2020-11-16T13_43_27.735Z;1;1;8;6
ccc40dc59deb20f9d2aa162f32a897042c6ff8a1;2020-11-16T19_10_50.920Z;0;0;13;23
ccc40dc59deb20f9d2aa162f32a897042c6ff8a1;2020-11-16T19_10_50.936Z;0;0;0;36
ccc40dc59deb20f9d2aa162f32a897042c6ff8a1;2020-11-16T19_26_12.740Z;0;1;13;23
ccc40dc59deb20f9d2aa162f32a897042c6ff8a1;2020-11-16T20_19_34.348Z;0;1;8;28
ccc40dc59deb20f9d2aa162f32a897042c6ff8a1;2020-11-16T20_36_50.694Z;0;1;8;28
ccc40dc59deb20f9d2aa162f32a897042c6ff8a1;2020-11-16T21_25_00.868Z;0;0;13;23
ccc40dc59deb20f9d2aa162f32a897042c6ff8a1;2020-11-17T15_57_04.722Z;0;1;14;22
ccc40dc59deb20f9d2aa162f32a897042c6ff8a1;2020-11-17T16_30_35.655Z;0;0;12;24
ccc40dc59deb20f9d2aa162f32a897042c6ff8a1;2020-11-17T16_51_07.730Z;0;0;12;24
ccc40dc59deb20f9d2aa162f32a897042c6ff8a1;2020-11-17T17_19_36.811Z;0;0;12;24
ccc40dc59deb20f9d2aa162f32a897042c6ff8a1;2020-11-17T20_58_46.760Z;1;0;0;17
ccc40dc59deb20f9d2aa162f32a897042c6ff8a1;2020-11-17T22_15_48.111Z;0;0;5;31
ccc40dc59deb20f9d2aa162f32a897042c6ff8a1;2020-11-17T23_13_52.547Z;0;0;0;36
ccc40dc59deb20f9d2aa162f32a897042c6ff8a1;2020-11-17T23_14_47.940Z;0;1;8;28
ccc40dc59deb20f9d2aa162f32a897042c6ff8a1;2020-11-17T23_28_39.492Z;0;0;0;36
ccc40dc59deb20f9d2aa162f32a897042c6ff8a1;2020-11-17T23_29_05.086Z;0;0;1;35
ccc40dc59deb20f9d2aa162f32a897042c6ff8a1;2020-11-17T23_39_34.863Z;0;0;1;35
ccc40dc59deb20f9d2aa162f32a897042c6ff8a1;2020-11-17T23_43_22.063Z;0;2;2;34
ccc40dc59deb20f9d2aa162f32a897042c6ff8a1;2020-11-18T00_08_26.119Z;0;0;0;36
ccc40dc59deb20f9d2aa162f32a897042c6ff8a1;2020-11-18T00_23_19.750Z;0;0;0;36
ccc40dc59deb20f9d2aa162f32a897042c6ff8a1;2020-11-18T00_24_15.003Z;0;0;0;36
ce42cdf26990c18f000612e72044b1c5ec54213f;2020-11-25T08_27_26.518Z;0;0;0;36
ce42cdf26990c18f000612e72044b1c5ec54213f;2020-11-25T08_41_14.323Z;1;0;0;0
ce42cdf26990c18f000612e72044b1c5ec54213f;2020-11-25T08_55_26.000Z;2;0;0;0
ce42cdf26990c18f000612e72044b1c5ec54213f;2020-11-25T09_19_48.537Z;2;0;0;0
ce42cdf26990c18f000612e72044b1c5ec54213f;2020-11-25T09_36_48.130Z;0;0;0;13
ce42cdf26990c18f000612e72044b1c5ec54213f;2020-11-25T09_38_21.759Z;0;0;13;23
ce42cdf26990c18f000612e72044b1c5ec54213f;2020-11-25T09_45_43.222Z;2;0;0;0
ce42cdf26990c18f000612e72044b1c5ec54213f;2020-11-25T10_20_10.610Z;0;15;16;20
ce42cdf26990c18f000612e72044b1c5ec54213f;2020-11-25T21_14_09.872Z;0;2;8;28
ce42cdf26990c18f000612e72044b1c5ec54213f;2020-11-25T21_42_13.192Z;0;2;4;32
ce42cdf26990c18f000612e72044b1c5ec54213f;2020-11-25T22_58_41.762Z;0;0;13;23
ce42cdf26990c18f000612e72044b1c5ec54213f;2020-11-26T00_21_57.726Z;0;0;9;27
ce42cdf26990c18f000612e72044b1c5ec54213f;2020-11-26T01_35_59.077Z;0;2;4;32
ce42cdf26990c18f000612e72044b1c5ec54213f;2020-11-26T01_37_07.797Z;0;0;0;36
ce42cdf26990c18f000612e72044b1c5ec54213f;2020-11-26T01_47_58.286Z;0;0;0;36
ce42cdf26990c18f000612e72044b1c5ec54213f;2020-11-26T02_14_49.622Z;0;0;0;36
ce42cdf26990c18f000612e72044b1c5ec54213f;2020-11-26T02_16_08.316Z;0;0;0;36
ce42cdf26990c18f000612e72044b1c5ec54213f;2020-11-26T02_31_27.148Z;0;0;0;36
ce42cdf26990c18f000612e72044b1c5ec54213f;2020-11-26T02_42_29.743Z;0;0;0;36
ce42cdf26990c18f000612e72044b1c5ec54213f;2020-11-26T03_08_32.934Z;0;0;0;36
ce441af47af87f111d102b2233f3d9a5072e1add;2020-11-16T14_47_02.498Z;1;0;0;0
ce441af47af87f111d102b2233f3d9a5072e1add;2020-11-16T14_50_03.314Z;2;0;0;0
ce441af47af87f111d102b2233f3d9a5072e1add;2020-11-16T14_50_14.989Z;0;0;0;13
ce441af47af87f111d102b2233f3d9a5072e1add;2020-11-16T14_52_50.445Z;0;0;15;21
ce441af47af87f111d102b2233f3d9a5072e1add;2020-11-16T14_53_20.064Z;0;0;0;36
ce441af47af87f111d102b2233f3d9a5072e1add;2020-11-21T18_54_23.723Z;0;0;0;36
ce441af47af87f111d102b2233f3d9a5072e1add;2020-11-21T18_56_41.526Z;0;0;0;36
ce441af47af87f111d102b2233f3d9a5072e1add;2020-11-21T19_04_40.794Z;0;1;5;31
ce441af47af87f111d102b2233f3d9a5072e1add;2020-11-22T00_18_07.089Z;0;1;1;35
ce441af47af87f111d102b2233f3d9a5072e1add;2020-11-22T00_59_44.347Z;0;0;15;21
ce441af47af87f111d102b2233f3d9a5072e1add;2020-11-22T01_20_53.380Z;0;1;14;22
ce441af47af87f111d102b2233f3d9a5072e1add;2020-11-24T21_49_10.732Z;0;1;1;35
ce441af47af87f111d102b2233f3d9a5072e1add;2020-11-24T21_56_20.528Z;0;1;12;24
ce441af47af87f111d102b2233f3d9a5072e1add;2020-11-24T22_10_44.603Z;0;1;12;24
ce441af47af87f111d102b2233f3d9a5072e1add;2020-11-25T00_12_17.399Z;1;0;0;17
ce441af47af87f111d102b2233f3d9a5072e1add;2020-11-25T01_01_05.932Z;0;2;8;28
ce441af47af87f111d102b2233f3d9a5072e1add;2020-11-25T17_22_31.149Z;0;1;1;35
ce441af47af87f111d102b2233f3d9a5072e1add;2020-11-25T17_42_10.311Z;0;1;1;35
ce441af47af87f111d102b2233f3d9a5072e1add;2020-11-25T17_42_43.050Z;0;1;1;35
ce441af47af87f111d102b2233f3d9a5072e1add;2020-11-25T17_54_25.049Z;0;0;0;36
ce441af47af87f111d102b2233f3d9a5072e1add;2020-11-25T17_55_13.851Z;0;0;0;36
ce441af47af87f111d102b2233f3d9a5072e1add;2020-11-25T18_18_06.796Z;0;0;0;36
ce441af47af87f111d102b2233f3d9a5072e1add;2020-11-25T18_33_43.621Z;0;0;0;36
ce441af47af87f111d102b2233f3d9a5072e1add;2020-11-25T18_34_05.266Z;0;0;0;36
ce441af47af87f111d102b2233f3d9a5072e1add;2020-11-25T19_01_42.916Z;0;0;0;36
d095c107bc365afe22ee3154484d4eb12440aa56;2020-11-24T02_57_43.286Z;1;0;0;0
d095c107bc365afe22ee3154484d4eb12440aa56;2020-11-24T03_04_07.782Z;0;0;0;13
d095c107bc365afe22ee3154484d4eb12440aa56;2020-11-24T03_04_21.745Z;2;0;0;0
d095c107bc365afe22ee3154484d4eb12440aa56;2020-11-24T03_06_10.542Z;1;0;0;17
d095c107bc365afe22ee3154484d4eb12440aa56;2020-11-24T03_37_36.162Z;0;0;13;23
d095c107bc365afe22ee3154484d4eb12440aa56;2020-11-24T04_28_17.608Z;0;8;8;28
d095c107bc365afe22ee3154484d4eb12440aa56;2020-11-24T20_43_12.553Z;0;8;8;28
d095c107bc365afe22ee3154484d4eb12440aa56;2020-11-24T21_18_04.648Z;0;1;6;30
d095c107bc365afe22ee3154484d4eb12440aa56;2020-11-24T21_52_47.064Z;0;1;6;30
d095c107bc365afe22ee3154484d4eb12440aa56;2020-11-25T00_27_57.283Z;0;1;1;35
d095c107bc365afe22ee3154484d4eb12440aa56;2020-11-25T00_48_18.611Z;0;1;1;35
d095c107bc365afe22ee3154484d4eb12440aa56;2020-11-25T01_10_18.732Z;1;0;0;17
d095c107bc365afe22ee3154484d4eb12440aa56;2020-11-25T02_24_39.082Z;1;0;0;17
d095c107bc365afe22ee3154484d4eb12440aa56;2020-11-25T04_15_52.689Z;1;0;0;17
d095c107bc365afe22ee3154484d4eb12440aa56;2020-11-25T16_20_01.280Z;0;0;12;24
d095c107bc365afe22ee3154484d4eb12440aa56;2020-11-25T17_00_08.860Z;0;1;11;25
d095c107bc365afe22ee3154484d4eb12440aa56;2020-11-25T18_16_35.281Z;1;0;0;17
d095c107bc365afe22ee3154484d4eb12440aa56;2020-11-25T19_30_29.639Z;0;2;5;31
d095c107bc365afe22ee3154484d4eb12440aa56;2020-11-25T21_07_49.825Z;0;1;4;32
d095c107bc365afe22ee3154484d4eb12440aa56;2020-11-25T23_05_00.250Z;0;1;1;35
d095c107bc365afe22ee3154484d4eb12440aa56;2020-11-25T23_40_03.944Z;0;0;0;36
d095c107bc365afe22ee3154484d4eb12440aa56;2020-11-25T23_40_47.441Z;0;0;0;36
d095c107bc365afe22ee3154484d4eb12440aa56;2020-11-26T00_35_22.100Z;0;0;0;36
d095c107bc365afe22ee3154484d4eb12440aa56;2020-11-26T00_43_43.339Z;0;0;0;36
d095c107bc365afe22ee3154484d4eb12440aa56;2020-11-26T01_46_33.220Z;0;0;0;36
d095c107bc365afe22ee3154484d4eb12440aa56;2020-11-26T01_51_14.116Z;0;0;0;36
d148af6f7dbcd9232375295c6a1cd1b08e885dd5;2020-11-20T00_50_44.819Z;0;0;0;36
d148af6f7dbcd9232375295c6a1cd1b08e885dd5;2020-11-26T03_48_00.854Z;0;0;0;13
d148af6f7dbcd9232375295c6a1cd1b08e885dd5;2020-11-26T04_42_25.858Z;0;0;0;36
d148af6f7dbcd9232375295c6a1cd1b08e885dd5;2020-11-26T04_44_15.217Z;2;0;0;0
d148af6f7dbcd9232375295c6a1cd1b08e885dd5;2020-11-26T04_59_17.647Z;1;0;0;17
d148af6f7dbcd9232375295c6a1cd1b08e885dd5;2020-11-26T05_02_37.905Z;0;0;5;31
d22db1196fa0ac6d2dcc909f62b7cc18b7780057;2020-11-22T15_08_26.439Z;0;0;0;36
d22db1196fa0ac6d2dcc909f62b7cc18b7780057;2020-11-22T15_20_20.595Z;0;0;0;36
d22db1196fa0ac6d2dcc909f62b7cc18b7780057;2020-11-22T20_07_08.730Z;0;0;0;36
d22db1196fa0ac6d2dcc909f62b7cc18b7780057;2020-11-22T20_27_27.985Z;0;0;0;36
d22db1196fa0ac6d2dcc909f62b7cc18b7780057;2020-11-22T20_28_18.072Z;0;14;14;22
d22db1196fa0ac6d2dcc909f62b7cc18b7780057;2020-11-22T20_34_02.434Z;0;14;14;22
d22db1196fa0ac6d2dcc909f62b7cc18b7780057;2020-11-22T20_41_43.696Z;0;0;0;36
d22db1196fa0ac6d2dcc909f62b7cc18b7780057;2020-11-22T20_44_07.368Z;0;0;0;36
d22db1196fa0ac6d2dcc909f62b7cc18b7780057;2020-11-22T20_51_50.767Z;2;0;0;0
d22db1196fa0ac6d2dcc909f62b7cc18b7780057;2020-11-23T16_47_52.148Z;2;0;0;0
d22db1196fa0ac6d2dcc909f62b7cc18b7780057;2020-11-23T16_53_44.871Z;0;0;0;36
d22db1196fa0ac6d2dcc909f62b7cc18b7780057;2020-11-23T16_56_53.302Z;0;0;0;13
d22db1196fa0ac6d2dcc909f62b7cc18b7780057;2020-11-23T16_58_52.272Z;0;0;13;23
d22db1196fa0ac6d2dcc909f62b7cc18b7780057;2020-11-23T17_08_49.496Z;0;0;0;36
d22db1196fa0ac6d2dcc909f62b7cc18b7780057;2020-11-23T17_39_03.020Z;0;3;7;29
d22db1196fa0ac6d2dcc909f62b7cc18b7780057;2020-11-23T19_14_24.024Z;0;3;7;29
d22db1196fa0ac6d2dcc909f62b7cc18b7780057;2020-11-23T20_15_39.085Z;0;7;7;29
d22db1196fa0ac6d2dcc909f62b7cc18b7780057;2020-11-23T21_00_45.294Z;0;3;7;29
d22db1196fa0ac6d2dcc909f62b7cc18b7780057;2020-11-23T21_46_51.134Z;0;3;3;33
d22db1196fa0ac6d2dcc909f62b7cc18b7780057;2020-11-23T22_30_01.759Z;0;1;13;23
d22db1196fa0ac6d2dcc909f62b7cc18b7780057;2020-11-23T23_05_09.245Z;0;0;6;29
d22db1196fa0ac6d2dcc909f62b7cc18b7780057;2020-11-23T23_38_55.185Z;0;1;8;28
d22db1196fa0ac6d2dcc909f62b7cc18b7780057;2020-11-24T00_45_03.804Z;0;0;6;30
d22db1196fa0ac6d2dcc909f62b7cc18b7780057;2020-11-24T16_01_27.855Z;0;0;6;30
d22db1196fa0ac6d2dcc909f62b7cc18b7780057;2020-11-24T16_33_57.269Z;0;1;4;32
d22db1196fa0ac6d2dcc909f62b7cc18b7780057;2020-11-24T18_48_11.857Z;0;1;4;32
d22db1196fa0ac6d2dcc909f62b7cc18b7780057;2020-11-24T20_12_55.400Z;0;1;4;32
d22db1196fa0ac6d2dcc909f62b7cc18b7780057;2020-11-24T20_37_27.156Z;0;2;2;34
d22db1196fa0ac6d2dcc909f62b7cc18b7780057;2020-11-24T20_55_08.703Z;0;2;2;34
d22db1196fa0ac6d2dcc909f62b7cc18b7780057;2020-11-24T21_23_28.792Z;0;0;0;36
d22db1196fa0ac6d2dcc909f62b7cc18b7780057;2020-11-25T00_54_10.437Z;0;0;0;36
d22db1196fa0ac6d2dcc909f62b7cc18b7780057;2020-11-25T00_58_23.017Z;0;0;0;36
d22db1196fa0ac6d2dcc909f62b7cc18b7780057;2020-11-25T01_01_50.117Z;0;3;3;33
d22db1196fa0ac6d2dcc909f62b7cc18b7780057;2020-11-25T05_37_17.960Z;0;3;3;33
d22db1196fa0ac6d2dcc909f62b7cc18b7780057;2020-11-25T06_02_01.666Z;0;0;0;36
d22db1196fa0ac6d2dcc909f62b7cc18b7780057;2020-11-25T14_32_04.354Z;0;3;3;33
d22db1196fa0ac6d2dcc909f62b7cc18b7780057;2020-11-26T04_50_31.376Z;0;3;3;33
d3a589e84b30e55239a8008d6282b647a1e62e92;2020-11-17T04_17_47.132Z;0;0;0;36
d3a589e84b30e55239a8008d6282b647a1e62e92;2020-11-17T04_45_05.076Z;1;0;0;0
d3a589e84b30e55239a8008d6282b647a1e62e92;2020-11-17T04_45_18.740Z;0;0;0;13
d3a589e84b30e55239a8008d6282b647a1e62e92;2020-11-17T04_46_31.320Z;1;0;0;17
d3a589e84b30e55239a8008d6282b647a1e62e92;2020-11-17T05_01_36.463Z;0;0;13;23
d3a589e84b30e55239a8008d6282b647a1e62e92;2020-11-17T05_10_28.420Z;2;0;0;0
d3a589e84b30e55239a8008d6282b647a1e62e92;2020-11-18T04_54_20.369Z;0;1;12;24
d3a589e84b30e55239a8008d6282b647a1e62e92;2020-11-18T06_21_00.899Z;0;1;10;26
d3a589e84b30e55239a8008d6282b647a1e62e92;2020-11-18T07_31_57.517Z;0;1;6;30
d3a589e84b30e55239a8008d6282b647a1e62e92;2020-11-18T08_27_54.612Z;0;1;6;30
d3a589e84b30e55239a8008d6282b647a1e62e92;2020-11-18T08_35_15.150Z;0;2;9;27
d3a589e84b30e55239a8008d6282b647a1e62e92;2020-11-18T10_04_01.672Z;0;2;9;27
d3a589e84b30e55239a8008d6282b647a1e62e92;2020-11-18T10_35_02.952Z;0;2;8;28
d3a589e84b30e55239a8008d6282b647a1e62e92;2020-11-18T21_49_31.606Z;1;0;0;17
d3a589e84b30e55239a8008d6282b647a1e62e92;2020-11-18T22_17_43.829Z;0;4;4;32
d3a589e84b30e55239a8008d6282b647a1e62e92;2020-11-18T23_30_56.622Z;0;0;0;36
d3a589e84b30e55239a8008d6282b647a1e62e92;2020-11-18T23_36_20.539Z;0;1;6;30
d3a589e84b30e55239a8008d6282b647a1e62e92;2020-11-19T19_19_05.512Z;0;1;6;30
d3a589e84b30e55239a8008d6282b647a1e62e92;2020-11-19T19_38_48.594Z;0;5;5;31
d3a589e84b30e55239a8008d6282b647a1e62e92;2020-11-19T19_48_48.960Z;0;1;3;33
d3a589e84b30e55239a8008d6282b647a1e62e92;2020-11-19T20_24_24.935Z;0;1;1;35
d3a589e84b30e55239a8008d6282b647a1e62e92;2020-11-19T20_34_45.623Z;0;5;5;31
d3a589e84b30e55239a8008d6282b647a1e62e92;2020-11-19T20_41_03.982Z;0;0;0;36
d3a589e84b30e55239a8008d6282b647a1e62e92;2020-11-19T21_51_30.982Z;0;0;0;36
d3a589e84b30e55239a8008d6282b647a1e62e92;2020-11-19T21_55_18.965Z;0;0;0;36
d4389a01a42868ac533884b4b8b94af7a65121a6;2020-11-17T15_13_06.594Z;1;0;0;0
d4389a01a42868ac533884b4b8b94af7a65121a6;2020-11-17T15_15_33.022Z;2;0;0;0
d4389a01a42868ac533884b4b8b94af7a65121a6;2020-11-17T15_38_06.066Z;2;0;0;0
d4389a01a42868ac533884b4b8b94af7a65121a6;2020-11-17T15_38_20.758Z;0;0;0;13
d4389a01a42868ac533884b4b8b94af7a65121a6;2020-11-17T15_39_16.702Z;1;0;0;17
d4389a01a42868ac533884b4b8b94af7a65121a6;2020-11-17T15_50_24.128Z;1;0;0;17
d4389a01a42868ac533884b4b8b94af7a65121a6;2020-11-18T00_57_30.097Z;2;0;0;0
d4389a01a42868ac533884b4b8b94af7a65121a6;2020-11-19T15_48_40.031Z;0;0;13;23
d4389a01a42868ac533884b4b8b94af7a65121a6;2020-11-19T15_52_07.627Z;0;12;16;20
d4389a01a42868ac533884b4b8b94af7a65121a6;2020-11-23T15_18_04.408Z;0;12;14;22
d4389a01a42868ac533884b4b8b94af7a65121a6;2020-11-23T15_51_24.385Z;2;0;0;0
d4389a01a42868ac533884b4b8b94af7a65121a6;2020-11-23T16_26_39.593Z;2;0;0;0
d4389a01a42868ac533884b4b8b94af7a65121a6;2020-11-23T21_25_41.539Z;0;13;13;23
d4389a01a42868ac533884b4b8b94af7a65121a6;2020-11-23T22_08_46.912Z;0;3;7;29
d4389a01a42868ac533884b4b8b94af7a65121a6;2020-11-24T07_09_24.670Z;0;3;7;29
d4389a01a42868ac533884b4b8b94af7a65121a6;2020-11-24T16_44_54.368Z;0;3;7;29
d4389a01a42868ac533884b4b8b94af7a65121a6;2020-11-24T18_12_55.094Z;0;3;7;29
d4389a01a42868ac533884b4b8b94af7a65121a6;2020-11-24T18_27_48.225Z;0;3;7;29
d4389a01a42868ac533884b4b8b94af7a65121a6;2020-11-24T18_49_57.913Z;0;3;7;29
d4389a01a42868ac533884b4b8b94af7a65121a6;2020-11-24T19_43_16.583Z;0;3;3;33
d4389a01a42868ac533884b4b8b94af7a65121a6;2020-11-24T21_49_10.285Z;0;2;3;33
d4389a01a42868ac533884b4b8b94af7a65121a6;2020-11-24T22_01_43.788Z;0;0;13;23
d4389a01a42868ac533884b4b8b94af7a65121a6;2020-11-25T06_32_35.779Z;1;0;0;17
d4389a01a42868ac533884b4b8b94af7a65121a6;2020-11-25T06_58_56.047Z;0;0;13;23
d4389a01a42868ac533884b4b8b94af7a65121a6;2020-11-25T07_28_03.640Z;1;0;0;17
d4389a01a42868ac533884b4b8b94af7a65121a6;2020-11-25T15_43_00.875Z;0;0;13;23
d4389a01a42868ac533884b4b8b94af7a65121a6;2020-11-25T16_12_05.399Z;0;1;14;22
d4389a01a42868ac533884b4b8b94af7a65121a6;2020-11-25T16_28_06.827Z;1;0;0;17
d4389a01a42868ac533884b4b8b94af7a65121a6;2020-11-25T18_05_24.154Z;1;0;0;17
d4389a01a42868ac533884b4b8b94af7a65121a6;2020-11-25T18_28_56.963Z;1;0;0;17
d4389a01a42868ac533884b4b8b94af7a65121a6;2020-11-25T18_57_09.060Z;1;0;0;17
d4389a01a42868ac533884b4b8b94af7a65121a6;2020-11-25T19_24_55.484Z;0;1;14;22
d4389a01a42868ac533884b4b8b94af7a65121a6;2020-11-25T20_34_58.795Z;1;0;0;17
d4389a01a42868ac533884b4b8b94af7a65121a6;2020-11-25T21_15_00.179Z;0;1;12;22
d4389a01a42868ac533884b4b8b94af7a65121a6;2020-11-25T22_11_20.191Z;0;1;14;22
d4389a01a42868ac533884b4b8b94af7a65121a6;2020-11-25T22_33_38.061Z;1;0;0;17
d4389a01a42868ac533884b4b8b94af7a65121a6;2020-11-25T23_15_58.679Z;1;0;0;17
d4389a01a42868ac533884b4b8b94af7a65121a6;2020-11-26T00_07_28.717Z;0;1;11;25
d4389a01a42868ac533884b4b8b94af7a65121a6;2020-11-26T01_44_56.210Z;1;0;0;17
d4389a01a42868ac533884b4b8b94af7a65121a6;2020-11-26T02_04_41.546Z;1;0;0;17
d4389a01a42868ac533884b4b8b94af7a65121a6;2020-11-26T02_06_59.117Z;0;2;3;33
d4389a01a42868ac533884b4b8b94af7a65121a6;2020-11-26T02_25_26.926Z;0;3;11;25
d4389a01a42868ac533884b4b8b94af7a65121a6;2020-11-26T02_30_13.353Z;0;0;0;36
d4389a01a42868ac533884b4b8b94af7a65121a6;2020-11-26T02_47_42.491Z;1;0;0;17
d4389a01a42868ac533884b4b8b94af7a65121a6;2020-11-26T03_01_30.954Z;1;0;0;17
d4389a01a42868ac533884b4b8b94af7a65121a6;2020-11-26T03_51_43.258Z;0;3;9;27
d4389a01a42868ac533884b4b8b94af7a65121a6;2020-11-26T04_55_44.852Z;0;4;4;32
d4389a01a42868ac533884b4b8b94af7a65121a6;2020-11-26T04_58_25.619Z;0;0;0;36
d5cc740e95c44f2dbaeae9e413a3837747409278;2020-11-18T05_02_07.998Z;1;0;0;0
d5cc740e95c44f2dbaeae9e413a3837747409278;2020-11-18T05_03_25.545Z;2;0;0;0
d5cc740e95c44f2dbaeae9e413a3837747409278;2020-11-18T05_03_42.438Z;0;0;0;13
d5cc740e95c44f2dbaeae9e413a3837747409278;2020-11-18T05_04_10.042Z;1;0;0;17
d5cc740e95c44f2dbaeae9e413a3837747409278;2020-11-18T05_50_54.683Z;2;0;0;0
d5cc740e95c44f2dbaeae9e413a3837747409278;2020-11-18T06_19_13.640Z;1;0;0;17
d5cc740e95c44f2dbaeae9e413a3837747409278;2020-11-18T06_35_42.136Z;0;0;0;17
d5cc740e95c44f2dbaeae9e413a3837747409278;2020-11-18T06_50_40.408Z;0;0;13;23
d5cc740e95c44f2dbaeae9e413a3837747409278;2020-11-18T07_07_35.326Z;0;1;1;35
d5cc740e95c44f2dbaeae9e413a3837747409278;2020-11-18T07_24_26.406Z;0;1;1;35
d5cc740e95c44f2dbaeae9e413a3837747409278;2020-11-19T00_18_55.176Z;0;1;1;35
d5cc740e95c44f2dbaeae9e413a3837747409278;2020-11-19T00_58_25.595Z;0;0;13;23
d5cc740e95c44f2dbaeae9e413a3837747409278;2020-11-19T05_01_58.391Z;0;2;12;24
d5cc740e95c44f2dbaeae9e413a3837747409278;2020-11-19T05_58_18.155Z;0;0;6;30
d5cc740e95c44f2dbaeae9e413a3837747409278;2020-11-23T04_10_22.933Z;0;6;6;30
d5cc740e95c44f2dbaeae9e413a3837747409278;2020-11-23T04_12_53.368Z;0;1;1;35
d5cc740e95c44f2dbaeae9e413a3837747409278;2020-11-23T04_29_06.525Z;0;0;0;36
d5cc740e95c44f2dbaeae9e413a3837747409278;2020-11-23T04_29_45.751Z;0;0;0;36
d5cc740e95c44f2dbaeae9e413a3837747409278;2020-11-23T04_36_24.873Z;0;0;0;36
d5cc740e95c44f2dbaeae9e413a3837747409278;2020-11-23T04_42_08.767Z;0;0;0;36
d5cc740e95c44f2dbaeae9e413a3837747409278;2020-11-23T04_54_11.212Z;0;0;0;36
d5cc740e95c44f2dbaeae9e413a3837747409278;2020-11-23T05_01_19.766Z;0;0;0;36
d63d4cb3004981a57f0f8aa89708bb414a06f23e;2020-11-17T18_19_19.600Z;1;0;0;0
d63d4cb3004981a57f0f8aa89708bb414a06f23e;2020-11-17T18_19_31.818Z;0;0;0;13
d63d4cb3004981a57f0f8aa89708bb414a06f23e;2020-11-17T18_22_48.949Z;2;0;0;0
d63d4cb3004981a57f0f8aa89708bb414a06f23e;2020-11-17T18_23_43.897Z;1;0;0;17
d63d4cb3004981a57f0f8aa89708bb414a06f23e;2020-11-17T19_33_14.530Z;2;0;0;0
d63d4cb3004981a57f0f8aa89708bb414a06f23e;2020-11-17T20_08_00.385Z;0;0;0;36
d63d4cb3004981a57f0f8aa89708bb414a06f23e;2020-11-17T20_08_08.172Z;0;0;0;36
d63d4cb3004981a57f0f8aa89708bb414a06f23e;2020-11-17T20_08_17.980Z;0;0;0;36
d63d4cb3004981a57f0f8aa89708bb414a06f23e;2020-11-17T20_10_55.191Z;0;0;13;23
d63d4cb3004981a57f0f8aa89708bb414a06f23e;2020-11-17T20_11_54.185Z;0;0;0;36
d63d4cb3004981a57f0f8aa89708bb414a06f23e;2020-11-17T20_33_21.866Z;0;0;4;32
d63d4cb3004981a57f0f8aa89708bb414a06f23e;2020-11-18T18_27_37.517Z;0;0;0;36
d63d4cb3004981a57f0f8aa89708bb414a06f23e;2020-11-18T18_42_35.341Z;0;0;0;36
d63d4cb3004981a57f0f8aa89708bb414a06f23e;2020-11-18T18_50_49.236Z;0;0;0;36
d63d4cb3004981a57f0f8aa89708bb414a06f23e;2020-11-18T21_10_19.185Z;0;0;0;36
d63d4cb3004981a57f0f8aa89708bb414a06f23e;2020-11-19T07_56_04.761Z;0;0;0;36
d63d4cb3004981a57f0f8aa89708bb414a06f23e;2020-11-19T07_58_23.846Z;0;0;0;36
d63d4cb3004981a57f0f8aa89708bb414a06f23e;2020-11-19T08_05_33.003Z;0;0;0;36
d63d4cb3004981a57f0f8aa89708bb414a06f23e;2020-11-19T08_21_23.407Z;0;0;0;36
d63d4cb3004981a57f0f8aa89708bb414a06f23e;2020-11-19T08_22_15.406Z;0;0;0;36
d63d4cb3004981a57f0f8aa89708bb414a06f23e;2020-11-19T08_40_38.003Z;0;0;0;36
d66d29ea031cc5b849475d74a16fba15e284c0b1;2020-11-23T22_47_49.469Z;1;0;0;0
d66d29ea031cc5b849475d74a16fba15e284c0b1;2020-11-23T22_49_54.402Z;0;0;0;13
d66d29ea031cc5b849475d74a16fba15e284c0b1;2020-11-23T22_50_55.230Z;1;0;0;17
d66d29ea031cc5b849475d74a16fba15e284c0b1;2020-11-23T23_08_23.890Z;0;0;14;22
d66d29ea031cc5b849475d74a16fba15e284c0b1;2020-11-23T23_52_57.557Z;0;11;13;23
d66d29ea031cc5b849475d74a16fba15e284c0b1;2020-11-24T01_32_45.854Z;0;6;9;27
d66d29ea031cc5b849475d74a16fba15e284c0b1;2020-11-24T03_05_02.126Z;0;0;14;22
d66d29ea031cc5b849475d74a16fba15e284c0b1;2020-11-24T04_29_52.209Z;1;0;0;17
d66d29ea031cc5b849475d74a16fba15e284c0b1;2020-11-24T04_53_50.476Z;0;1;12;24
d66d29ea031cc5b849475d74a16fba15e284c0b1;2020-11-24T05_41_12.897Z;0;0;12;24
d66d29ea031cc5b849475d74a16fba15e284c0b1;2020-11-24T06_34_58.976Z;0;1;7;29
d66d29ea031cc5b849475d74a16fba15e284c0b1;2020-11-24T18_09_25.270Z;0;6;8;28
d66d29ea031cc5b849475d74a16fba15e284c0b1;2020-11-24T18_15_12.497Z;0;5;8;28
d66d29ea031cc5b849475d74a16fba15e284c0b1;2020-11-24T18_27_41.383Z;0;5;8;28
d66d29ea031cc5b849475d74a16fba15e284c0b1;2020-11-24T22_31_51.034Z;0;6;8;28
d66d29ea031cc5b849475d74a16fba15e284c0b1;2020-11-24T23_15_46.813Z;0;3;5;31
d66d29ea031cc5b849475d74a16fba15e284c0b1;2020-11-24T23_17_29.423Z;0;0;0;36
d66d29ea031cc5b849475d74a16fba15e284c0b1;2020-11-24T23_22_10.693Z;0;0;0;36
d66d29ea031cc5b849475d74a16fba15e284c0b1;2020-11-25T00_47_57.162Z;0;6;6;30
d66d29ea031cc5b849475d74a16fba15e284c0b1;2020-11-25T01_35_36.476Z;0;2;4;32
d66d29ea031cc5b849475d74a16fba15e284c0b1;2020-11-25T01_41_08.482Z;0;0;0;36
d66d29ea031cc5b849475d74a16fba15e284c0b1;2020-11-25T01_46_19.802Z;0;0;0;36
d66d29ea031cc5b849475d74a16fba15e284c0b1;2020-11-25T01_46_28.090Z;0;0;0;36
d66d29ea031cc5b849475d74a16fba15e284c0b1;2020-11-25T01_48_01.532Z;0;0;0;36
d66d29ea031cc5b849475d74a16fba15e284c0b1;2020-11-25T01_48_12.184Z;0;0;0;36
d66d29ea031cc5b849475d74a16fba15e284c0b1;2020-11-25T01_53_25.561Z;0;1;1;35
d66d29ea031cc5b849475d74a16fba15e284c0b1;2020-11-25T02_04_47.628Z;0;0;0;36
d66d29ea031cc5b849475d74a16fba15e284c0b1;2020-11-25T02_16_24.715Z;0;0;0;36
d66d29ea031cc5b849475d74a16fba15e284c0b1;2020-11-25T02_22_07.481Z;0;0;2;34
d66d29ea031cc5b849475d74a16fba15e284c0b1;2020-11-25T18_00_43.622Z;0;0;2;34
d66d29ea031cc5b849475d74a16fba15e284c0b1;2020-11-25T20_08_36.410Z;0;0;0;36
d66d29ea031cc5b849475d74a16fba15e284c0b1;2020-11-25T20_11_15.255Z;0;0;0;36
d6dc01b3eb6b54a9638fd12260fb20e169d5da66;2020-11-17T16_24_53.239Z;1;0;0;0
d6dc01b3eb6b54a9638fd12260fb20e169d5da66;2020-11-17T16_25_02.760Z;0;0;0;13
d6dc01b3eb6b54a9638fd12260fb20e169d5da66;2020-11-17T16_28_56.476Z;0;0;15;21
d6dc01b3eb6b54a9638fd12260fb20e169d5da66;2020-11-17T16_30_22.302Z;0;0;13;23
d6dc01b3eb6b54a9638fd12260fb20e169d5da66;2020-11-17T17_39_59.240Z;0;0;4;32
d6dc01b3eb6b54a9638fd12260fb20e169d5da66;2020-11-17T18_23_59.117Z;0;0;0;36
d6dc01b3eb6b54a9638fd12260fb20e169d5da66;2020-11-17T19_50_42.893Z;0;0;0;36
d6dc01b3eb6b54a9638fd12260fb20e169d5da66;2020-11-17T21_13_29.589Z;1;0;0;17
d6dc01b3eb6b54a9638fd12260fb20e169d5da66;2020-11-17T21_43_29.683Z;1;0;0;17
d6dc01b3eb6b54a9638fd12260fb20e169d5da66;2020-11-17T22_30_26.816Z;0;0;6;30
d6dc01b3eb6b54a9638fd12260fb20e169d5da66;2020-11-17T23_26_44.404Z;0;0;0;36
d6dc01b3eb6b54a9638fd12260fb20e169d5da66;2020-11-17T23_34_16.615Z;0;0;0;36
d6dc01b3eb6b54a9638fd12260fb20e169d5da66;2020-11-17T23_37_20.715Z;0;0;0;36
d6dc01b3eb6b54a9638fd12260fb20e169d5da66;2020-11-17T23_48_48.268Z;0;0;0;36
d6e9814a3868b71061aca4eae8273d857b125994;2020-11-23T00_26_32.708Z;0;0;0;36
d6e9814a3868b71061aca4eae8273d857b125994;2020-11-23T00_27_32.335Z;0;0;0;13
d6e9814a3868b71061aca4eae8273d857b125994;2020-11-23T00_27_46.806Z;1;0;0;17
d6e9814a3868b71061aca4eae8273d857b125994;2020-11-23T00_42_00.073Z;0;0;0;36
d6e9814a3868b71061aca4eae8273d857b125994;2020-11-23T00_43_13.441Z;0;0;0;13
d6e9814a3868b71061aca4eae8273d857b125994;2020-11-23T01_34_09.984Z;1;0;0;17
d6e9814a3868b71061aca4eae8273d857b125994;2020-11-23T01_34_49.351Z;0;0;0;36
d6e9814a3868b71061aca4eae8273d857b125994;2020-11-23T01_34_57.008Z;2;0;0;0
d6e9814a3868b71061aca4eae8273d857b125994;2020-11-23T01_48_08.561Z;0;0;13;23
d6e9814a3868b71061aca4eae8273d857b125994;2020-11-23T02_07_20.989Z;1;4;4;0
d6e9814a3868b71061aca4eae8273d857b125994;2020-11-23T04_32_42.987Z;1;4;4;0
d6e9814a3868b71061aca4eae8273d857b125994;2020-11-23T06_00_28.486Z;2;0;0;0
d6e9814a3868b71061aca4eae8273d857b125994;2020-11-23T06_26_21.430Z;0;0;0;36
d6e9814a3868b71061aca4eae8273d857b125994;2020-11-23T17_41_10.090Z;1;0;0;17
d6e9814a3868b71061aca4eae8273d857b125994;2020-11-23T18_44_04.441Z;0;0;8;28
d6e9814a3868b71061aca4eae8273d857b125994;2020-11-23T20_24_06.794Z;0;2;2;34
d6e9814a3868b71061aca4eae8273d857b125994;2020-11-23T21_42_52.042Z;0;0;0;36
d6e9814a3868b71061aca4eae8273d857b125994;2020-11-23T21_59_33.469Z;0;0;0;36
d6e9814a3868b71061aca4eae8273d857b125994;2020-11-23T22_49_38.700Z;0;0;0;36
d6e9814a3868b71061aca4eae8273d857b125994;2020-11-23T22_51_28.751Z;0;0;0;36
d6e9814a3868b71061aca4eae8273d857b125994;2020-11-23T23_34_47.741Z;0;0;0;36
d6e9814a3868b71061aca4eae8273d857b125994;2020-11-24T00_12_03.145Z;0;0;0;36
d7e4aad81a2fc6223695a9c7081657d7dd2e43f6;2020-11-18T21_30_41.926Z;1;0;0;0
d7e4aad81a2fc6223695a9c7081657d7dd2e43f6;2020-11-18T21_55_58.430Z;0;0;0;36
d7e4aad81a2fc6223695a9c7081657d7dd2e43f6;2020-11-18T21_56_09.556Z;0;0;0;36
d7e4aad81a2fc6223695a9c7081657d7dd2e43f6;2020-11-18T21_56_17.525Z;0;0;0;36
d7e4aad81a2fc6223695a9c7081657d7dd2e43f6;2020-11-18T21_56_49.707Z;0;0;0;36
d7e4aad81a2fc6223695a9c7081657d7dd2e43f6;2020-11-18T22_30_49.484Z;2;0;0;0
d7e4aad81a2fc6223695a9c7081657d7dd2e43f6;2020-11-18T23_08_35.440Z;2;0;0;0
d7e4aad81a2fc6223695a9c7081657d7dd2e43f6;2020-11-18T23_30_13.439Z;2;0;0;0
d7e4aad81a2fc6223695a9c7081657d7dd2e43f6;2020-11-19T01_52_11.591Z;0;0;0;36
d7e4aad81a2fc6223695a9c7081657d7dd2e43f6;2020-11-19T01_52_11.606Z;0;0;0;36
d7e4aad81a2fc6223695a9c7081657d7dd2e43f6;2020-11-19T01_55_43.689Z;0;0;0;36
d7e4aad81a2fc6223695a9c7081657d7dd2e43f6;2020-11-21T22_26_35.641Z;0;0;0;13
d7e4aad81a2fc6223695a9c7081657d7dd2e43f6;2020-11-21T22_26_55.852Z;0;0;0;17
d7e4aad81a2fc6223695a9c7081657d7dd2e43f6;2020-11-21T22_45_33.285Z;1;0;0;17
d7e4aad81a2fc6223695a9c7081657d7dd2e43f6;2020-11-22T00_10_10.935Z;0;0;0;17
d7e4aad81a2fc6223695a9c7081657d7dd2e43f6;2020-11-22T01_06_22.658Z;0;0;0;17
d7e4aad81a2fc6223695a9c7081657d7dd2e43f6;2020-11-22T04_34_22.362Z;0;0;0;17
d7e4aad81a2fc6223695a9c7081657d7dd2e43f6;2020-11-22T04_49_46.971Z;1;0;0;17
d7e4aad81a2fc6223695a9c7081657d7dd2e43f6;2020-11-22T05_16_30.278Z;0;0;14;22
d7e4aad81a2fc6223695a9c7081657d7dd2e43f6;2020-11-22T05_56_35.158Z;0;0;13;23
d7e4aad81a2fc6223695a9c7081657d7dd2e43f6;2020-11-22T06_27_16.757Z;1;0;0;17
d7e4aad81a2fc6223695a9c7081657d7dd2e43f6;2020-11-22T06_51_53.998Z;1;0;0;17
d7e4aad81a2fc6223695a9c7081657d7dd2e43f6;2020-11-22T16_17_25.604Z;0;1;13;23
d7e4aad81a2fc6223695a9c7081657d7dd2e43f6;2020-11-22T18_16_21.290Z;0;0;7;29
d7e4aad81a2fc6223695a9c7081657d7dd2e43f6;2020-11-22T23_28_36.788Z;0;0;7;29
d7e4aad81a2fc6223695a9c7081657d7dd2e43f6;2020-11-23T00_19_19.839Z;0;0;6;30
d7e4aad81a2fc6223695a9c7081657d7dd2e43f6;2020-11-23T01_34_20.700Z;0;0;0;36
d7e4aad81a2fc6223695a9c7081657d7dd2e43f6;2020-11-23T01_51_01.061Z;0;0;4;32
d7e4aad81a2fc6223695a9c7081657d7dd2e43f6;2020-11-23T02_04_24.710Z;0;0;4;32
d7e4aad81a2fc6223695a9c7081657d7dd2e43f6;2020-11-23T02_24_41.478Z;0;0;4;32
d7e4aad81a2fc6223695a9c7081657d7dd2e43f6;2020-11-23T04_17_49.023Z;0;0;4;32
d7e4aad81a2fc6223695a9c7081657d7dd2e43f6;2020-11-23T04_54_40.897Z;1;0;0;17
d7e4aad81a2fc6223695a9c7081657d7dd2e43f6;2020-11-23T05_39_36.999Z;1;0;0;17
d7e4aad81a2fc6223695a9c7081657d7dd2e43f6;2020-11-23T06_44_09.757Z;1;0;0;17
d7e4aad81a2fc6223695a9c7081657d7dd2e43f6;2020-11-23T17_50_46.494Z;1;0;0;17
d7e4aad81a2fc6223695a9c7081657d7dd2e43f6;2020-11-23T18_20_26.444Z;1;0;0;17
d7e4aad81a2fc6223695a9c7081657d7dd2e43f6;2020-11-23T19_01_52.217Z;1;0;0;17
d7e4aad81a2fc6223695a9c7081657d7dd2e43f6;2020-11-23T20_17_52.806Z;0;0;2;34
d7e4aad81a2fc6223695a9c7081657d7dd2e43f6;2020-11-23T21_02_56.570Z;0;0;0;36
d7e4aad81a2fc6223695a9c7081657d7dd2e43f6;2020-11-23T21_02_56.579Z;0;0;0;36
d7e4aad81a2fc6223695a9c7081657d7dd2e43f6;2020-11-23T21_10_08.907Z;0;0;0;36
d7e4aad81a2fc6223695a9c7081657d7dd2e43f6;2020-11-23T21_34_53.274Z;0;0;0;36
d7e4aad81a2fc6223695a9c7081657d7dd2e43f6;2020-11-23T21_36_52.887Z;0;0;0;36
d7e4aad81a2fc6223695a9c7081657d7dd2e43f6;2020-11-23T21_59_42.351Z;0;0;0;36
d7e4aad81a2fc6223695a9c7081657d7dd2e43f6;2020-11-23T22_00_13.728Z;0;0;0;36
d7e4aad81a2fc6223695a9c7081657d7dd2e43f6;2020-11-23T22_03_13.891Z;0;0;0;36
d7e4aad81a2fc6223695a9c7081657d7dd2e43f6;2020-11-23T22_45_32.410Z;0;0;0;36
d855caf029466d356572dd2ba8ccdebee0e2227e;2020-11-18T17_23_03.202Z;1;0;0;0
d855caf029466d356572dd2ba8ccdebee0e2227e;2020-11-18T17_24_04.935Z;2;0;0;0
d855caf029466d356572dd2ba8ccdebee0e2227e;2020-11-18T17_26_12.501Z;0;0;0;13
d855caf029466d356572dd2ba8ccdebee0e2227e;2020-11-18T17_26_25.398Z;1;0;0;17
d855caf029466d356572dd2ba8ccdebee0e2227e;2020-11-18T18_45_56.366Z;1;0;0;17
d855caf029466d356572dd2ba8ccdebee0e2227e;2020-11-18T18_47_31.491Z;2;0;0;0
d855caf029466d356572dd2ba8ccdebee0e2227e;2020-11-18T20_13_02.086Z;0;0;14;22
d855caf029466d356572dd2ba8ccdebee0e2227e;2020-11-18T20_52_19.379Z;2;0;0;0
d855caf029466d356572dd2ba8ccdebee0e2227e;2020-11-18T21_10_15.917Z;0;14;14;22
d855caf029466d356572dd2ba8ccdebee0e2227e;2020-11-18T21_48_43.981Z;0;4;10;26
d855caf029466d356572dd2ba8ccdebee0e2227e;2020-11-19T00_26_05.770Z;0;4;9;27
d855caf029466d356572dd2ba8ccdebee0e2227e;2020-11-19T00_47_06.632Z;0;4;9;27
d855caf029466d356572dd2ba8ccdebee0e2227e;2020-11-19T02_13_37.356Z;0;4;9;27
d855caf029466d356572dd2ba8ccdebee0e2227e;2020-11-22T18_29_51.604Z;0;4;9;27
d855caf029466d356572dd2ba8ccdebee0e2227e;2020-11-22T18_52_26.027Z;0;4;9;27
d855caf029466d356572dd2ba8ccdebee0e2227e;2020-11-22T19_32_40.027Z;0;3;8;28
d855caf029466d356572dd2ba8ccdebee0e2227e;2020-11-22T20_03_16.865Z;0;3;8;28
d855caf029466d356572dd2ba8ccdebee0e2227e;2020-11-22T21_06_19.703Z;0;3;8;28
d855caf029466d356572dd2ba8ccdebee0e2227e;2020-11-22T21_31_42.758Z;0;3;4;32
d855caf029466d356572dd2ba8ccdebee0e2227e;2020-11-22T23_52_03.267Z;2;0;0;0
d855caf029466d356572dd2ba8ccdebee0e2227e;2020-11-23T00_11_27.830Z;0;2;2;34
d855caf029466d356572dd2ba8ccdebee0e2227e;2020-11-23T00_25_51.905Z;0;2;2;34
d855caf029466d356572dd2ba8ccdebee0e2227e;2020-11-23T00_42_46.321Z;0;1;1;35
d855caf029466d356572dd2ba8ccdebee0e2227e;2020-11-23T01_07_54.497Z;0;0;0;36
d855caf029466d356572dd2ba8ccdebee0e2227e;2020-11-23T05_42_00.420Z;1;0;0;17
d855caf029466d356572dd2ba8ccdebee0e2227e;2020-11-23T15_32_49.909Z;0;0;0;36
d855caf029466d356572dd2ba8ccdebee0e2227e;2020-11-23T15_32_56.984Z;0;0;14;22
d855caf029466d356572dd2ba8ccdebee0e2227e;2020-11-23T15_59_53.576Z;1;0;0;17
d855caf029466d356572dd2ba8ccdebee0e2227e;2020-11-23T21_01_16.321Z;1;0;0;17
d855caf029466d356572dd2ba8ccdebee0e2227e;2020-11-23T21_42_24.704Z;1;0;0;17
d855caf029466d356572dd2ba8ccdebee0e2227e;2020-11-23T22_12_09.140Z;0;0;14;22
d855caf029466d356572dd2ba8ccdebee0e2227e;2020-11-23T23_24_12.045Z;0;3;13;23
d855caf029466d356572dd2ba8ccdebee0e2227e;2020-11-23T23_56_33.334Z;1;0;0;17
d855caf029466d356572dd2ba8ccdebee0e2227e;2020-11-24T00_13_54.607Z;1;0;0;17
d855caf029466d356572dd2ba8ccdebee0e2227e;2020-11-24T00_46_28.736Z;1;0;0;17
d855caf029466d356572dd2ba8ccdebee0e2227e;2020-11-24T01_46_24.231Z;0;1;11;25
d855caf029466d356572dd2ba8ccdebee0e2227e;2020-11-24T02_06_35.307Z;1;0;0;17
d855caf029466d356572dd2ba8ccdebee0e2227e;2020-11-24T03_33_42.851Z;0;2;8;28
d855caf029466d356572dd2ba8ccdebee0e2227e;2020-11-24T04_00_31.569Z;0;1;8;28
d855caf029466d356572dd2ba8ccdebee0e2227e;2020-11-24T04_20_20.806Z;0;1;8;28
d855caf029466d356572dd2ba8ccdebee0e2227e;2020-11-24T06_25_10.314Z;0;0;6;30
d855caf029466d356572dd2ba8ccdebee0e2227e;2020-11-24T06_36_27.129Z;0;0;0;36
d855caf029466d356572dd2ba8ccdebee0e2227e;2020-11-24T07_18_54.146Z;0;0;0;36
d855caf029466d356572dd2ba8ccdebee0e2227e;2020-11-24T07_20_06.668Z;0;1;4;32
d855caf029466d356572dd2ba8ccdebee0e2227e;2020-11-24T17_14_07.586Z;0;1;4;32
d855caf029466d356572dd2ba8ccdebee0e2227e;2020-11-24T17_50_28.385Z;0;1;4;32
d855caf029466d356572dd2ba8ccdebee0e2227e;2020-11-24T18_08_05.924Z;0;0;4;32
d855caf029466d356572dd2ba8ccdebee0e2227e;2020-11-24T20_26_40.379Z;0;0;3;33
d855caf029466d356572dd2ba8ccdebee0e2227e;2020-11-24T21_16_17.437Z;0;0;0;36
d855caf029466d356572dd2ba8ccdebee0e2227e;2020-11-25T17_31_14.107Z;0;0;0;36
d855caf029466d356572dd2ba8ccdebee0e2227e;2020-11-25T17_33_34.334Z;0;0;0;36
d9b3baf435d965814c522937027386a1189b3e8a;2020-11-24T01_42_41.817Z;0;0;0;36
d9b3baf435d965814c522937027386a1189b3e8a;2020-11-24T01_43_08.719Z;0;0;0;36
d9b3baf435d965814c522937027386a1189b3e8a;2020-11-24T01_46_14.526Z;1;0;0;0
d9b3baf435d965814c522937027386a1189b3e8a;2020-11-24T01_46_32.881Z;0;0;0;13
d9b3baf435d965814c522937027386a1189b3e8a;2020-11-24T01_47_47.622Z;2;0;0;0
d9b3baf435d965814c522937027386a1189b3e8a;2020-11-24T01_47_57.982Z;0;0;0;17
d9b3baf435d965814c522937027386a1189b3e8a;2020-11-24T02_29_48.614Z;0;0;0;17
d9b3baf435d965814c522937027386a1189b3e8a;2020-11-24T03_11_56.465Z;2;0;0;0
d9b3baf435d965814c522937027386a1189b3e8a;2020-11-24T03_48_08.150Z;0;0;0;13
d9b3baf435d965814c522937027386a1189b3e8a;2020-11-24T04_17_18.004Z;2;0;0;0
d9b3baf435d965814c522937027386a1189b3e8a;2020-11-24T04_49_41.397Z;2;0;0;0
d9b3baf435d965814c522937027386a1189b3e8a;2020-11-24T05_11_14.568Z;2;0;0;0
d9b3baf435d965814c522937027386a1189b3e8a;2020-11-24T05_50_03.349Z;2;0;0;0
d9b3baf435d965814c522937027386a1189b3e8a;2020-11-24T22_07_26.789Z;2;0;0;0
d9b3baf435d965814c522937027386a1189b3e8a;2020-11-25T07_03_52.636Z;0;0;0;36
d9b3baf435d965814c522937027386a1189b3e8a;2020-11-25T07_04_45.508Z;0;0;0;17
d9b3baf435d965814c522937027386a1189b3e8a;2020-11-25T07_05_00.370Z;0;0;0;36
d9b3baf435d965814c522937027386a1189b3e8a;2020-11-25T07_09_15.853Z;0;0;0;36
d9b3baf435d965814c522937027386a1189b3e8a;2020-11-25T07_13_04.993Z;0;0;5;31
d9b3baf435d965814c522937027386a1189b3e8a;2020-11-25T07_25_37.269Z;0;0;4;32
d9b3baf435d965814c522937027386a1189b3e8a;2020-11-25T07_26_43.891Z;0;0;0;36
d9b3baf435d965814c522937027386a1189b3e8a;2020-11-25T08_19_31.968Z;0;0;4;32
d9b3baf435d965814c522937027386a1189b3e8a;2020-11-25T08_20_28.601Z;0;0;0;36
d9b3baf435d965814c522937027386a1189b3e8a;2020-11-25T09_12_32.978Z;0;0;0;36
d9b3baf435d965814c522937027386a1189b3e8a;2020-11-25T09_14_35.320Z;0;0;0;36
d9b3baf435d965814c522937027386a1189b3e8a;2020-11-25T09_19_08.574Z;1;0;0;17
d9b3baf435d965814c522937027386a1189b3e8a;2020-11-25T18_07_11.958Z;0;0;0;36
d9b3baf435d965814c522937027386a1189b3e8a;2020-11-25T18_12_30.465Z;0;0;13;23
d9b3baf435d965814c522937027386a1189b3e8a;2020-11-25T19_30_51.326Z;0;0;13;23
d9b3baf435d965814c522937027386a1189b3e8a;2020-11-25T19_53_09.362Z;0;0;13;23
d9b3baf435d965814c522937027386a1189b3e8a;2020-11-25T20_09_05.731Z;1;0;0;17
d9b3baf435d965814c522937027386a1189b3e8a;2020-11-25T20_47_08.217Z;1;0;0;17
d9b3baf435d965814c522937027386a1189b3e8a;2020-11-25T21_10_24.367Z;0;0;7;29
d9b3baf435d965814c522937027386a1189b3e8a;2020-11-25T21_17_48.568Z;0;0;0;36
d9b3baf435d965814c522937027386a1189b3e8a;2020-11-25T21_27_26.120Z;0;0;6;30
d9b3baf435d965814c522937027386a1189b3e8a;2020-11-25T22_12_44.156Z;0;0;0;36
d9b3baf435d965814c522937027386a1189b3e8a;2020-11-25T22_46_30.166Z;0;0;0;36
d9b3baf435d965814c522937027386a1189b3e8a;2020-11-25T23_11_19.065Z;0;0;0;36
d9b3baf435d965814c522937027386a1189b3e8a;2020-11-25T23_11_41.636Z;0;0;0;36
d9b3baf435d965814c522937027386a1189b3e8a;2020-11-25T23_13_51.756Z;0;0;0;36
d9b3baf435d965814c522937027386a1189b3e8a;2020-11-25T23_16_51.976Z;0;0;0;36
d9b3baf435d965814c522937027386a1189b3e8a;2020-11-25T23_26_50.791Z;0;0;0;36
dbb408c67891886f49ae26493267e9a783688783;2020-11-21T20_11_34.553Z;0;0;0;36
dbb408c67891886f49ae26493267e9a783688783;2020-11-21T20_22_49.696Z;1;0;0;0
dbb408c67891886f49ae26493267e9a783688783;2020-11-21T20_23_08.284Z;0;0;0;36
dbb408c67891886f49ae26493267e9a783688783;2020-11-21T20_23_28.425Z;0;0;0;36
dbb408c67891886f49ae26493267e9a783688783;2020-11-21T20_24_17.221Z;0;12;16;20
dbb408c67891886f49ae26493267e9a783688783;2020-11-21T22_14_10.724Z;0;0;0;36
dbb408c67891886f49ae26493267e9a783688783;2020-11-21T22_56_00.786Z;0;12;12;24
dbb408c67891886f49ae26493267e9a783688783;2020-11-21T23_52_58.143Z;0;12;12;24
dbb408c67891886f49ae26493267e9a783688783;2020-11-22T00_26_52.869Z;0;0;0;36
dbb408c67891886f49ae26493267e9a783688783;2020-11-22T00_27_23.554Z;0;0;0;36
dbb408c67891886f49ae26493267e9a783688783;2020-11-22T00_34_51.324Z;0;0;0;13
dbb408c67891886f49ae26493267e9a783688783;2020-11-22T00_35_50.829Z;0;0;0;36
dbb408c67891886f49ae26493267e9a783688783;2020-11-22T00_46_12.877Z;0;0;13;23
dbb408c67891886f49ae26493267e9a783688783;2020-11-22T00_52_35.382Z;0;1;10;26
dbb408c67891886f49ae26493267e9a783688783;2020-11-23T19_32_35.913Z;0;1;5;31
dbb408c67891886f49ae26493267e9a783688783;2020-11-23T19_58_24.215Z;0;1;1;35
dbb408c67891886f49ae26493267e9a783688783;2020-11-23T20_47_22.202Z;1;0;0;17
dbb408c67891886f49ae26493267e9a783688783;2020-11-23T21_53_30.289Z;0;1;12;24
dbb408c67891886f49ae26493267e9a783688783;2020-11-23T22_23_07.680Z;0;2;10;26
dbb408c67891886f49ae26493267e9a783688783;2020-11-23T22_51_37.349Z;0;2;10;26
dbb408c67891886f49ae26493267e9a783688783;2020-11-23T23_22_38.423Z;0;2;10;26
dbb408c67891886f49ae26493267e9a783688783;2020-11-23T23_50_18.006Z;0;2;9;27
dbb408c67891886f49ae26493267e9a783688783;2020-11-24T07_05_28.384Z;1;0;0;17
dbb408c67891886f49ae26493267e9a783688783;2020-11-24T16_18_05.262Z;0;1;1;35
dbb408c67891886f49ae26493267e9a783688783;2020-11-24T16_52_32.281Z;1;0;0;17
dbb408c67891886f49ae26493267e9a783688783;2020-11-24T17_22_52.187Z;1;0;0;17
dbb408c67891886f49ae26493267e9a783688783;2020-11-24T20_09_35.092Z;0;4;7;29
dbb408c67891886f49ae26493267e9a783688783;2020-11-24T20_54_54.414Z;0;4;7;29
dbb408c67891886f49ae26493267e9a783688783;2020-11-24T21_19_00.323Z;0;0;0;36
dbb408c67891886f49ae26493267e9a783688783;2020-11-24T21_28_16.647Z;0;0;3;33
dbb408c67891886f49ae26493267e9a783688783;2020-11-24T21_58_34.114Z;0;0;0;36
dbb408c67891886f49ae26493267e9a783688783;2020-11-24T22_35_15.060Z;0;0;4;32
dbb408c67891886f49ae26493267e9a783688783;2020-11-25T04_55_47.917Z;0;0;0;36
dbb408c67891886f49ae26493267e9a783688783;2020-11-25T04_55_47.943Z;0;0;0;36
dbb408c67891886f49ae26493267e9a783688783;2020-11-25T04_55_52.080Z;0;0;0;36
dbb408c67891886f49ae26493267e9a783688783;2020-11-25T04_55_52.093Z;0;0;0;36
dbb408c67891886f49ae26493267e9a783688783;2020-11-25T04_55_52.104Z;0;0;0;36
dbb408c67891886f49ae26493267e9a783688783;2020-11-25T04_55_52.112Z;0;0;2;34
dbb408c67891886f49ae26493267e9a783688783;2020-11-25T05_41_29.441Z;0;0;2;34
dbb408c67891886f49ae26493267e9a783688783;2020-11-25T05_59_31.469Z;2;0;0;0
dbb408c67891886f49ae26493267e9a783688783;2020-11-25T06_32_26.155Z;0;0;0;36
dbb408c67891886f49ae26493267e9a783688783;2020-11-25T06_36_34.573Z;0;0;2;34
dbb408c67891886f49ae26493267e9a783688783;2021-04-04T02_22_57.780Z;0;0;0;36
dbb408c67891886f49ae26493267e9a783688783;2021-04-04T02_36_41.649Z;0;0;0;36
dcab3e620c9948eb5e4c97ce51d2d1c15f305ea7;2020-11-17T05_57_40.868Z;0;0;0;36
dcab3e620c9948eb5e4c97ce51d2d1c15f305ea7;2020-11-17T05_57_42.974Z;0;0;0;36
dcab3e620c9948eb5e4c97ce51d2d1c15f305ea7;2020-11-17T05_57_46.148Z;0;0;0;36
dcab3e620c9948eb5e4c97ce51d2d1c15f305ea7;2020-11-17T06_16_28.843Z;1;0;0;0
dcab3e620c9948eb5e4c97ce51d2d1c15f305ea7;2020-11-17T06_19_39.090Z;2;0;0;0
dcab3e620c9948eb5e4c97ce51d2d1c15f305ea7;2020-11-17T06_29_25.265Z;0;0;0;36
dcab3e620c9948eb5e4c97ce51d2d1c15f305ea7;2020-11-17T06_30_02.825Z;0;6;17;19
dcab3e620c9948eb5e4c97ce51d2d1c15f305ea7;2020-11-17T06_30_25.657Z;0;0;0;36
dcab3e620c9948eb5e4c97ce51d2d1c15f305ea7;2020-11-17T19_37_31.427Z;0;0;0;36
dcab3e620c9948eb5e4c97ce51d2d1c15f305ea7;2020-11-17T19_38_02.771Z;0;0;0;36
dcab3e620c9948eb5e4c97ce51d2d1c15f305ea7;2020-11-17T19_38_11.704Z;0;0;0;36
dcab3e620c9948eb5e4c97ce51d2d1c15f305ea7;2020-11-17T19_58_34.499Z;2;0;0;0
dcab3e620c9948eb5e4c97ce51d2d1c15f305ea7;2020-11-17T19_58_34.509Z;0;0;0;36
dcab3e620c9948eb5e4c97ce51d2d1c15f305ea7;2020-11-17T19_58_34.520Z;0;0;0;36
dcab3e620c9948eb5e4c97ce51d2d1c15f305ea7;2020-11-17T20_35_34.500Z;0;11;12;24
dcab3e620c9948eb5e4c97ce51d2d1c15f305ea7;2020-11-17T22_00_21.701Z;0;11;12;24
dcab3e620c9948eb5e4c97ce51d2d1c15f305ea7;2020-11-17T23_10_52.578Z;0;2;7;29
dcab3e620c9948eb5e4c97ce51d2d1c15f305ea7;2020-11-17T23_33_52.495Z;0;2;7;29
dcab3e620c9948eb5e4c97ce51d2d1c15f305ea7;2020-11-18T00_40_43.557Z;0;0;0;36
dcab3e620c9948eb5e4c97ce51d2d1c15f305ea7;2020-11-18T02_12_28.194Z;0;0;0;36
dcab3e620c9948eb5e4c97ce51d2d1c15f305ea7;2020-11-18T02_12_44.053Z;0;0;0;36
dcab3e620c9948eb5e4c97ce51d2d1c15f305ea7;2020-11-18T02_35_39.312Z;0;0;0;13
dcab3e620c9948eb5e4c97ce51d2d1c15f305ea7;2020-11-18T02_41_05.774Z;1;0;0;17
dcab3e620c9948eb5e4c97ce51d2d1c15f305ea7;2020-11-18T02_51_10.066Z;1;0;0;17
dcab3e620c9948eb5e4c97ce51d2d1c15f305ea7;2020-11-18T03_04_16.907Z;1;0;0;17
dcab3e620c9948eb5e4c97ce51d2d1c15f305ea7;2020-11-18T05_28_45.476Z;0;0;0;36
dcab3e620c9948eb5e4c97ce51d2d1c15f305ea7;2020-11-18T06_32_39.769Z;0;0;0;17
dcab3e620c9948eb5e4c97ce51d2d1c15f305ea7;2020-11-18T14_03_59.583Z;0;0;0;17
dcab3e620c9948eb5e4c97ce51d2d1c15f305ea7;2020-11-18T14_35_27.895Z;0;0;0;36
dcab3e620c9948eb5e4c97ce51d2d1c15f305ea7;2020-11-18T14_35_27.905Z;0;0;0;36
dcab3e620c9948eb5e4c97ce51d2d1c15f305ea7;2020-11-18T14_35_27.921Z;0;0;0;36
dcab3e620c9948eb5e4c97ce51d2d1c15f305ea7;2020-11-18T14_50_23.750Z;1;0;0;17
dcab3e620c9948eb5e4c97ce51d2d1c15f305ea7;2020-11-18T15_01_43.947Z;0;0;0;36
dcab3e620c9948eb5e4c97ce51d2d1c15f305ea7;2020-11-18T20_20_18.488Z;0;0;0;36
dcab3e620c9948eb5e4c97ce51d2d1c15f305ea7;2020-11-18T20_40_32.734Z;0;0;0;36
dcab3e620c9948eb5e4c97ce51d2d1c15f305ea7;2020-11-18T22_00_38.635Z;0;1;3;18
dcab3e620c9948eb5e4c97ce51d2d1c15f305ea7;2020-11-19T02_14_36.543Z;0;0;0;21
dcab3e620c9948eb5e4c97ce51d2d1c15f305ea7;2020-11-19T02_59_25.523Z;1;0;0;17
dcab3e620c9948eb5e4c97ce51d2d1c15f305ea7;2020-11-19T03_15_21.751Z;1;0;0;17
dcab3e620c9948eb5e4c97ce51d2d1c15f305ea7;2020-11-19T03_52_08.648Z;0;0;5;31
dcab3e620c9948eb5e4c97ce51d2d1c15f305ea7;2020-11-23T04_37_32.491Z;0;0;4;32
dcab3e620c9948eb5e4c97ce51d2d1c15f305ea7;2020-11-23T05_14_42.132Z;0;0;0;36
dcab3e620c9948eb5e4c97ce51d2d1c15f305ea7;2020-11-23T05_29_01.237Z;0;0;0;36
dcab3e620c9948eb5e4c97ce51d2d1c15f305ea7;2020-11-23T05_29_01.246Z;0;0;0;36
dcab3e620c9948eb5e4c97ce51d2d1c15f305ea7;2020-11-23T05_29_01.253Z;0;0;2;34
dcab3e620c9948eb5e4c97ce51d2d1c15f305ea7;2020-11-23T05_29_01.261Z;0;0;0;36
dcab3e620c9948eb5e4c97ce51d2d1c15f305ea7;2020-11-24T03_23_59.212Z;0;0;0;36
dcab3e620c9948eb5e4c97ce51d2d1c15f305ea7;2020-11-24T04_00_46.073Z;0;0;0;36
dcab3e620c9948eb5e4c97ce51d2d1c15f305ea7;2020-11-24T04_04_03.670Z;0;0;0;36
dd20af6b99a464700a9fd8bf822fdfc87349b86e;2020-11-25T02_20_01.861Z;1;0;0;0
dd20af6b99a464700a9fd8bf822fdfc87349b86e;2020-11-25T02_57_00.105Z;0;11;11;25
dd20af6b99a464700a9fd8bf822fdfc87349b86e;2020-11-25T03_27_03.779Z;0;0;4;32
dd20af6b99a464700a9fd8bf822fdfc87349b86e;2020-11-25T22_16_55.426Z;0;0;0;13
dd20af6b99a464700a9fd8bf822fdfc87349b86e;2020-11-25T22_18_31.516Z;0;0;0;36
dd20af6b99a464700a9fd8bf822fdfc87349b86e;2020-11-25T22_36_49.672Z;0;0;14;22
dd20af6b99a464700a9fd8bf822fdfc87349b86e;2020-11-26T00_39_36.951Z;0;0;6;30
dd20af6b99a464700a9fd8bf822fdfc87349b86e;2020-11-26T00_59_05.730Z;1;0;0;17
dd20af6b99a464700a9fd8bf822fdfc87349b86e;2020-11-26T01_00_12.305Z;0;0;0;36
dd20af6b99a464700a9fd8bf822fdfc87349b86e;2020-11-26T17_52_14.135Z;0;0;0;36
dd20af6b99a464700a9fd8bf822fdfc87349b86e;2020-11-26T17_59_40.299Z;0;0;0;36
dd20af6b99a464700a9fd8bf822fdfc87349b86e;2020-11-26T18_30_24.984Z;0;0;0;36
dd20af6b99a464700a9fd8bf822fdfc87349b86e;2020-11-26T18_38_48.056Z;0;0;0;36
dd20af6b99a464700a9fd8bf822fdfc87349b86e;2020-11-26T18_41_48.007Z;0;0;0;36
de33cbea046c82f21788506f3ed0fa57fa2d7234;2020-11-24T01_08_34.500Z;0;0;0;36
de33cbea046c82f21788506f3ed0fa57fa2d7234;2020-11-24T02_01_53.694Z;0;0;0;36
de33cbea046c82f21788506f3ed0fa57fa2d7234;2020-11-24T02_02_04.585Z;0;0;0;36
de33cbea046c82f21788506f3ed0fa57fa2d7234;2020-11-24T02_09_49.684Z;0;0;0;36
de33cbea046c82f21788506f3ed0fa57fa2d7234;2020-11-24T02_10_09.677Z;2;0;0;0
de33cbea046c82f21788506f3ed0fa57fa2d7234;2020-11-24T03_40_32.150Z;2;0;0;0
de33cbea046c82f21788506f3ed0fa57fa2d7234;2020-11-24T20_45_24.195Z;2;0;0;0
de33cbea046c82f21788506f3ed0fa57fa2d7234;2020-11-24T21_16_36.278Z;0;7;9;27
de33cbea046c82f21788506f3ed0fa57fa2d7234;2020-11-24T21_54_54.265Z;0;0;0;36
de33cbea046c82f21788506f3ed0fa57fa2d7234;2020-11-24T21_59_46.960Z;0;0;0;36
de33cbea046c82f21788506f3ed0fa57fa2d7234;2020-11-24T22_02_53.676Z;0;7;9;27
de33cbea046c82f21788506f3ed0fa57fa2d7234;2020-11-24T22_39_18.989Z;2;0;0;0
de33cbea046c82f21788506f3ed0fa57fa2d7234;2020-11-24T23_28_48.017Z;0;0;0;36
de33cbea046c82f21788506f3ed0fa57fa2d7234;2020-11-24T23_48_11.984Z;0;0;4;32
de33cbea046c82f21788506f3ed0fa57fa2d7234;2020-11-25T02_37_37.372Z;0;4;4;32
de33cbea046c82f21788506f3ed0fa57fa2d7234;2020-11-25T03_41_53.407Z;0;0;4;32
de33cbea046c82f21788506f3ed0fa57fa2d7234;2020-11-25T04_07_29.814Z;0;0;4;32
de33cbea046c82f21788506f3ed0fa57fa2d7234;2020-11-25T04_07_39.404Z;0;0;0;13
de33cbea046c82f21788506f3ed0fa57fa2d7234;2020-11-25T04_49_28.902Z;1;0;0;17
de33cbea046c82f21788506f3ed0fa57fa2d7234;2020-11-25T16_26_54.491Z;1;0;0;17
de33cbea046c82f21788506f3ed0fa57fa2d7234;2020-11-25T16_51_46.207Z;0;0;0;17
de33cbea046c82f21788506f3ed0fa57fa2d7234;2020-11-25T17_25_57.764Z;0;0;4;32
de33cbea046c82f21788506f3ed0fa57fa2d7234;2020-11-25T17_27_33.477Z;1;0;0;17
de33cbea046c82f21788506f3ed0fa57fa2d7234;2020-11-25T18_17_07.135Z;1;0;0;17
de33cbea046c82f21788506f3ed0fa57fa2d7234;2020-11-25T18_59_13.282Z;0;4;11;25
de33cbea046c82f21788506f3ed0fa57fa2d7234;2020-11-25T19_24_55.037Z;0;2;10;26
de33cbea046c82f21788506f3ed0fa57fa2d7234;2020-11-25T22_03_36.105Z;0;0;4;32
de33cbea046c82f21788506f3ed0fa57fa2d7234;2020-11-25T22_34_27.952Z;2;0;0;0
de33cbea046c82f21788506f3ed0fa57fa2d7234;2020-11-25T23_00_57.111Z;2;0;0;0
de33cbea046c82f21788506f3ed0fa57fa2d7234;2020-11-26T00_02_45.400Z;2;0;0;0
de33cbea046c82f21788506f3ed0fa57fa2d7234;2020-11-26T00_22_46.956Z;0;0;0;36
de33cbea046c82f21788506f3ed0fa57fa2d7234;2020-11-26T00_53_48.341Z;1;0;0;17
de33cbea046c82f21788506f3ed0fa57fa2d7234;2020-11-26T01_43_04.050Z;0;3;8;28
de33cbea046c82f21788506f3ed0fa57fa2d7234;2020-11-26T02_09_44.573Z;0;0;0;36
de33cbea046c82f21788506f3ed0fa57fa2d7234;2020-11-26T02_09_44.580Z;0;0;0;36
de33cbea046c82f21788506f3ed0fa57fa2d7234;2020-11-26T02_09_44.589Z;0;0;0;36
de33cbea046c82f21788506f3ed0fa57fa2d7234;2020-11-26T02_21_55.504Z;0;0;0;36
de33cbea046c82f21788506f3ed0fa57fa2d7234;2020-11-26T02_33_16.327Z;0;0;0;36
de33cbea046c82f21788506f3ed0fa57fa2d7234;2020-11-26T02_33_33.115Z;0;3;8;28
de33cbea046c82f21788506f3ed0fa57fa2d7234;2020-11-26T02_49_07.795Z;0;3;6;30
de33cbea046c82f21788506f3ed0fa57fa2d7234;2020-11-26T02_49_12.195Z;0;0;0;36
de33cbea046c82f21788506f3ed0fa57fa2d7234;2020-11-26T03_29_32.120Z;0;1;5;31
de33cbea046c82f21788506f3ed0fa57fa2d7234;2020-11-26T04_04_59.556Z;0;1;4;32
de33cbea046c82f21788506f3ed0fa57fa2d7234;2020-11-26T04_31_29.142Z;0;0;0;36
de363e10e402f868d57db34f57576b700edc7c2b;2020-11-26T15_24_12.837Z;1;0;0;0
de363e10e402f868d57db34f57576b700edc7c2b;2020-11-26T15_35_54.480Z;2;0;0;0
de363e10e402f868d57db34f57576b700edc7c2b;2020-11-26T15_37_20.213Z;0;0;0;36
de363e10e402f868d57db34f57576b700edc7c2b;2020-11-26T16_44_51.228Z;1;1;3;11
de363e10e402f868d57db34f57576b700edc7c2b;2020-11-26T17_31_36.881Z;0;0;4;32
de363e10e402f868d57db34f57576b700edc7c2b;2020-11-26T17_52_15.814Z;0;0;4;32
de363e10e402f868d57db34f57576b700edc7c2b;2020-11-26T17_56_52.358Z;0;0;0;13
de363e10e402f868d57db34f57576b700edc7c2b;2020-11-26T18_05_17.949Z;0;0;0;17
de363e10e402f868d57db34f57576b700edc7c2b;2020-11-26T18_16_53.207Z;0;0;0;17
de363e10e402f868d57db34f57576b700edc7c2b;2020-11-26T19_08_24.243Z;0;0;0;21
de363e10e402f868d57db34f57576b700edc7c2b;2020-11-26T19_43_05.879Z;0;0;0;26
de363e10e402f868d57db34f57576b700edc7c2b;2020-11-26T20_33_00.158Z;0;3;3;28
de363e10e402f868d57db34f57576b700edc7c2b;2020-11-26T21_34_19.655Z;0;2;2;34
de363e10e402f868d57db34f57576b700edc7c2b;2020-11-26T21_51_40.105Z;0;0;2;34
de363e10e402f868d57db34f57576b700edc7c2b;2020-11-26T22_14_27.025Z;0;0;4;32
de363e10e402f868d57db34f57576b700edc7c2b;2020-11-26T22_31_28.955Z;0;0;0;36
de363e10e402f868d57db34f57576b700edc7c2b;2020-11-26T23_12_30.868Z;0;0;0;36
de363e10e402f868d57db34f57576b700edc7c2b;2020-11-26T23_26_29.065Z;0;0;0;36
de363e10e402f868d57db34f57576b700edc7c2b;2020-11-26T23_41_31.107Z;0;0;0;36
de363e10e402f868d57db34f57576b700edc7c2b;2020-11-26T23_41_57.509Z;0;0;0;36
de363e10e402f868d57db34f57576b700edc7c2b;2020-11-27T00_19_07.082Z;0;0;0;36
de363e10e402f868d57db34f57576b700edc7c2b;2020-11-27T00_58_41.601Z;0;0;0;36
de363e10e402f868d57db34f57576b700edc7c2b;2020-11-27T01_05_51.165Z;0;0;0;36
de363e10e402f868d57db34f57576b700edc7c2b;2020-11-27T01_19_16.163Z;0;0;0;36
de363e10e402f868d57db34f57576b700edc7c2b;2020-11-27T01_24_27.190Z;0;0;0;36
de363e10e402f868d57db34f57576b700edc7c2b;2020-11-27T01_24_54.979Z;0;0;0;36
dec8062b7eab8a96c95b9d4fedbd62dce2e25925;2020-11-14T02_06_26.840Z;0;0;0;36
dec8062b7eab8a96c95b9d4fedbd62dce2e25925;2020-11-14T02_07_04.911Z;0;0;0;36
dec8062b7eab8a96c95b9d4fedbd62dce2e25925;2020-11-14T02_07_13.780Z;0;0;0;36
dec8062b7eab8a96c95b9d4fedbd62dce2e25925;2020-11-14T02_16_00.920Z;0;0;0;36
dec8062b7eab8a96c95b9d4fedbd62dce2e25925;2020-11-14T02_16_07.577Z;0;0;0;36
dec8062b7eab8a96c95b9d4fedbd62dce2e25925;2020-11-14T02_16_29.288Z;2;0;0;0
dec8062b7eab8a96c95b9d4fedbd62dce2e25925;2020-11-14T02_17_41.442Z;0;0;0;13
dec8062b7eab8a96c95b9d4fedbd62dce2e25925;2020-11-14T02_22_44.900Z;0;0;0;36
dec8062b7eab8a96c95b9d4fedbd62dce2e25925;2020-11-14T02_22_44.909Z;0;0;0;36
dec8062b7eab8a96c95b9d4fedbd62dce2e25925;2020-11-14T02_22_44.917Z;1;0;0;17
dec8062b7eab8a96c95b9d4fedbd62dce2e25925;2020-11-14T02_22_44.926Z;2;0;0;0
dec8062b7eab8a96c95b9d4fedbd62dce2e25925;2020-11-14T02_22_44.934Z;0;0;0;36
dec8062b7eab8a96c95b9d4fedbd62dce2e25925;2020-11-14T02_54_56.999Z;2;0;0;0
dec8062b7eab8a96c95b9d4fedbd62dce2e25925;2020-11-14T02_56_10.694Z;1;0;0;17
dec8062b7eab8a96c95b9d4fedbd62dce2e25925;2020-11-14T17_44_13.778Z;2;0;0;0
dec8062b7eab8a96c95b9d4fedbd62dce2e25925;2020-11-14T18_57_08.012Z;0;0;0;36
dec8062b7eab8a96c95b9d4fedbd62dce2e25925;2020-11-14T19_03_11.136Z;1;0;0;17
dec8062b7eab8a96c95b9d4fedbd62dce2e25925;2020-11-14T19_14_28.166Z;0;0;0;13
dec8062b7eab8a96c95b9d4fedbd62dce2e25925;2020-11-14T19_14_38.581Z;0;0;0;36
dec8062b7eab8a96c95b9d4fedbd62dce2e25925;2020-11-14T19_14_46.718Z;0;0;0;36
dec8062b7eab8a96c95b9d4fedbd62dce2e25925;2020-11-14T19_17_49.348Z;0;18;20;16
dec8062b7eab8a96c95b9d4fedbd62dce2e25925;2020-11-14T20_23_53.673Z;2;0;0;0
dec8062b7eab8a96c95b9d4fedbd62dce2e25925;2020-11-15T16_29_21.019Z;2;0;0;0
dec8062b7eab8a96c95b9d4fedbd62dce2e25925;2020-11-15T16_56_30.281Z;2;0;0;0
dec8062b7eab8a96c95b9d4fedbd62dce2e25925;2020-11-15T17_08_15.043Z;0;0;0;13
dec8062b7eab8a96c95b9d4fedbd62dce2e25925;2020-11-15T17_12_43.036Z;0;1;10;26
dec8062b7eab8a96c95b9d4fedbd62dce2e25925;2020-11-15T23_29_57.876Z;0;4;11;25
dec8062b7eab8a96c95b9d4fedbd62dce2e25925;2020-11-16T01_20_21.361Z;0;0;0;13
dec8062b7eab8a96c95b9d4fedbd62dce2e25925;2020-11-16T01_49_18.597Z;0;4;11;25
dec8062b7eab8a96c95b9d4fedbd62dce2e25925;2020-11-16T12_45_35.586Z;0;4;11;25
dec8062b7eab8a96c95b9d4fedbd62dce2e25925;2020-11-16T13_25_30.451Z;0;4;11;25
dec8062b7eab8a96c95b9d4fedbd62dce2e25925;2020-11-16T13_39_44.391Z;0;4;11;25
dec8062b7eab8a96c95b9d4fedbd62dce2e25925;2020-11-16T14_24_01.415Z;0;4;11;25
dec8062b7eab8a96c95b9d4fedbd62dce2e25925;2020-11-16T16_14_22.448Z;0;4;11;25
dec8062b7eab8a96c95b9d4fedbd62dce2e25925;2020-11-16T16_14_29.138Z;0;0;0;13
dec8062b7eab8a96c95b9d4fedbd62dce2e25925;2020-11-16T16_14_29.149Z;0;0;0;36
dec8062b7eab8a96c95b9d4fedbd62dce2e25925;2020-11-16T16_14_29.156Z;0;0;0;36
dec8062b7eab8a96c95b9d4fedbd62dce2e25925;2020-11-16T19_27_40.923Z;0;0;0;13
dec8062b7eab8a96c95b9d4fedbd62dce2e25925;2020-11-16T19_41_30.398Z;0;4;12;24
dec8062b7eab8a96c95b9d4fedbd62dce2e25925;2020-11-16T23_22_14.262Z;1;0;0;17
dec8062b7eab8a96c95b9d4fedbd62dce2e25925;2020-11-16T23_48_04.087Z;0;1;3;33
dec8062b7eab8a96c95b9d4fedbd62dce2e25925;2020-11-16T23_54_14.400Z;0;0;0;13
dec8062b7eab8a96c95b9d4fedbd62dce2e25925;2020-11-17T00_30_00.812Z;0;0;0;36
dec8062b7eab8a96c95b9d4fedbd62dce2e25925;2020-11-17T00_58_41.518Z;1;0;0;17
dec8062b7eab8a96c95b9d4fedbd62dce2e25925;2020-11-17T02_32_48.028Z;0;2;10;26
dec8062b7eab8a96c95b9d4fedbd62dce2e25925;2020-11-17T03_27_26.321Z;0;2;10;26
dec8062b7eab8a96c95b9d4fedbd62dce2e25925;2020-11-17T12_34_12.779Z;1;0;0;17
dec8062b7eab8a96c95b9d4fedbd62dce2e25925;2020-11-17T12_52_43.383Z;0;2;10;26
dec8062b7eab8a96c95b9d4fedbd62dce2e25925;2020-11-17T13_52_35.007Z;0;2;10;26
dec8062b7eab8a96c95b9d4fedbd62dce2e25925;2020-11-17T21_46_09.909Z;0;2;8;28
dec8062b7eab8a96c95b9d4fedbd62dce2e25925;2020-11-18T00_07_44.367Z;0;2;9;27
dec8062b7eab8a96c95b9d4fedbd62dce2e25925;2020-11-18T13_25_01.172Z;0;0;0;36
dec8062b7eab8a96c95b9d4fedbd62dce2e25925;2020-11-18T13_42_00.392Z;0;1;3;33
dec8062b7eab8a96c95b9d4fedbd62dce2e25925;2020-11-18T15_08_19.843Z;0;0;2;34
dec8062b7eab8a96c95b9d4fedbd62dce2e25925;2020-11-18T15_14_07.107Z;0;0;0;36
dec8062b7eab8a96c95b9d4fedbd62dce2e25925;2020-11-18T23_23_21.256Z;0;0;0;36
dec8062b7eab8a96c95b9d4fedbd62dce2e25925;2020-11-19T01_06_13.739Z;0;0;0;36
dec8062b7eab8a96c95b9d4fedbd62dce2e25925;2020-11-19T01_09_04.691Z;0;0;0;36
e0d84997d15e10bdfe98baff903bde2d78d26773;2020-11-25T00_41_13.627Z;1;0;0;0
e0d84997d15e10bdfe98baff903bde2d78d26773;2020-11-25T02_01_13.790Z;2;0;0;0
e0d84997d15e10bdfe98baff903bde2d78d26773;2020-11-25T03_44_40.857Z;2;0;0;0
e0d84997d15e10bdfe98baff903bde2d78d26773;2020-11-25T04_05_12.606Z;0;1;1;35
e0d84997d15e10bdfe98baff903bde2d78d26773;2020-11-25T04_19_31.532Z;0;0;0;36
e0d84997d15e10bdfe98baff903bde2d78d26773;2020-11-25T04_20_15.006Z;0;0;0;36
e0d84997d15e10bdfe98baff903bde2d78d26773;2020-11-25T04_22_40.603Z;0;1;1;35
e0d84997d15e10bdfe98baff903bde2d78d26773;2020-11-25T04_25_15.169Z;0;0;0;13
e0d84997d15e10bdfe98baff903bde2d78d26773;2020-11-25T04_52_18.922Z;1;0;0;17
e0d84997d15e10bdfe98baff903bde2d78d26773;2020-11-25T17_27_05.494Z;1;0;0;17
e0d84997d15e10bdfe98baff903bde2d78d26773;2020-11-25T22_44_46.887Z;0;1;1;35
e0d84997d15e10bdfe98baff903bde2d78d26773;2020-11-25T23_53_09.685Z;0;1;1;35
e0d84997d15e10bdfe98baff903bde2d78d26773;2020-11-25T23_54_35.688Z;1;0;0;17
e0d84997d15e10bdfe98baff903bde2d78d26773;2020-11-26T01_18_28.190Z;1;0;0;17
e0d84997d15e10bdfe98baff903bde2d78d26773;2020-11-26T01_43_38.826Z;1;0;0;17
e0d84997d15e10bdfe98baff903bde2d78d26773;2020-11-26T02_12_47.573Z;0;2;3;31
e0d84997d15e10bdfe98baff903bde2d78d26773;2020-11-26T03_18_46.247Z;0;1;1;35
e0d84997d15e10bdfe98baff903bde2d78d26773;2020-11-26T03_20_23.421Z;0;2;3;33
e0d84997d15e10bdfe98baff903bde2d78d26773;2020-11-26T04_52_57.340Z;0;2;3;33
e136194611ec53c12b1a683367697ae6bbbc25a9;2020-11-26T03_04_46.709Z;1;0;0;0
e136194611ec53c12b1a683367697ae6bbbc25a9;2020-11-26T03_06_26.971Z;0;0;0;13
e136194611ec53c12b1a683367697ae6bbbc25a9;2020-11-26T03_06_45.894Z;0;0;0;13
e136194611ec53c12b1a683367697ae6bbbc25a9;2020-11-26T03_09_43.550Z;2;0;0;0
e136194611ec53c12b1a683367697ae6bbbc25a9;2020-11-26T04_02_46.669Z;2;0;0;0
e136194611ec53c12b1a683367697ae6bbbc25a9;2020-11-26T04_04_32.215Z;1;0;0;17
e136194611ec53c12b1a683367697ae6bbbc25a9;2020-11-26T04_27_42.604Z;2;0;0;0
e136194611ec53c12b1a683367697ae6bbbc25a9;2020-11-26T04_45_58.205Z;0;0;0;36
e136194611ec53c12b1a683367697ae6bbbc25a9;2020-11-26T04_48_00.522Z;0;0;0;36
e136194611ec53c12b1a683367697ae6bbbc25a9;2020-11-26T05_38_29.105Z;0;0;0;36
e136194611ec53c12b1a683367697ae6bbbc25a9;2020-11-26T05_39_39.739Z;0;0;13;23
e136194611ec53c12b1a683367697ae6bbbc25a9;2020-11-26T05_40_27.744Z;0;0;0;36
e136194611ec53c12b1a683367697ae6bbbc25a9;2020-11-26T05_40_52.986Z;0;0;0;36
e136194611ec53c12b1a683367697ae6bbbc25a9;2020-11-26T05_45_43.679Z;0;0;5;31
e136194611ec53c12b1a683367697ae6bbbc25a9;2020-11-26T06_46_36.246Z;0;0;13;23
e136194611ec53c12b1a683367697ae6bbbc25a9;2020-11-26T06_48_07.425Z;0;0;0;36
e136194611ec53c12b1a683367697ae6bbbc25a9;2020-11-26T07_09_18.617Z;0;0;0;36
e136194611ec53c12b1a683367697ae6bbbc25a9;2020-11-27T04_20_46.555Z;0;0;0;36
e136194611ec53c12b1a683367697ae6bbbc25a9;2020-11-27T04_21_16.958Z;0;0;0;36
e136194611ec53c12b1a683367697ae6bbbc25a9;2020-11-27T04_21_26.958Z;0;0;0;36
e136194611ec53c12b1a683367697ae6bbbc25a9;2020-11-27T04_25_03.345Z;0;0;0;36
e136194611ec53c12b1a683367697ae6bbbc25a9;2020-11-27T04_52_18.179Z;0;0;0;36
e136194611ec53c12b1a683367697ae6bbbc25a9;2020-11-27T04_53_43.963Z;0;0;0;36
e136194611ec53c12b1a683367697ae6bbbc25a9;2020-11-27T04_53_52.656Z;0;0;0;36
e136194611ec53c12b1a683367697ae6bbbc25a9;2020-11-27T05_01_19.493Z;0;0;0;36
e136194611ec53c12b1a683367697ae6bbbc25a9;2020-11-27T05_10_51.982Z;0;0;13;23
e136194611ec53c12b1a683367697ae6bbbc25a9;2020-11-27T05_16_05.071Z;0;1;15;21
e136194611ec53c12b1a683367697ae6bbbc25a9;2020-11-27T05_37_01.861Z;0;0;0;36
e136194611ec53c12b1a683367697ae6bbbc25a9;2020-11-27T07_34_46.957Z;0;0;0;36
e136194611ec53c12b1a683367697ae6bbbc25a9;2020-11-27T08_07_32.724Z;0;0;13;23
e136194611ec53c12b1a683367697ae6bbbc25a9;2020-11-28T03_21_06.455Z;0;0;0;36
e136194611ec53c12b1a683367697ae6bbbc25a9;2020-11-28T03_33_58.050Z;0;0;0;36
e136194611ec53c12b1a683367697ae6bbbc25a9;2020-11-29T18_09_11.197Z;0;0;0;36
e1b5834a6e396f55d9255e1f9f33f66d3a4b6a0f;2020-11-16T02_26_50.058Z;1;0;0;0
e1b5834a6e396f55d9255e1f9f33f66d3a4b6a0f;2020-11-16T02_27_30.682Z;1;0;0;0
e1b5834a6e396f55d9255e1f9f33f66d3a4b6a0f;2020-11-16T21_59_00.947Z;1;5;5;10
e1b5834a6e396f55d9255e1f9f33f66d3a4b6a0f;2020-11-16T23_55_07.723Z;0;0;0;13
e1b5834a6e396f55d9255e1f9f33f66d3a4b6a0f;2020-11-17T00_00_20.289Z;0;0;13;23
e1b5834a6e396f55d9255e1f9f33f66d3a4b6a0f;2020-11-17T00_37_32.153Z;2;0;0;0
e1b5834a6e396f55d9255e1f9f33f66d3a4b6a0f;2020-11-17T00_47_04.156Z;1;0;0;17
e1b5834a6e396f55d9255e1f9f33f66d3a4b6a0f;2020-11-17T23_19_56.424Z;0;0;0;36
e1b5834a6e396f55d9255e1f9f33f66d3a4b6a0f;2020-11-18T00_32_46.867Z;1;0;0;17
e1b5834a6e396f55d9255e1f9f33f66d3a4b6a0f;2020-11-18T01_36_47.981Z;0;1;8;28
e1b5834a6e396f55d9255e1f9f33f66d3a4b6a0f;2020-11-18T04_47_27.438Z;0;0;0;36
e1b5834a6e396f55d9255e1f9f33f66d3a4b6a0f;2020-11-18T04_56_16.375Z;0;7;8;28
e1b5834a6e396f55d9255e1f9f33f66d3a4b6a0f;2020-11-18T05_13_52.491Z;0;0;0;36
e1b5834a6e396f55d9255e1f9f33f66d3a4b6a0f;2020-11-18T05_41_28.539Z;0;7;8;28
e1b5834a6e396f55d9255e1f9f33f66d3a4b6a0f;2020-11-18T06_03_05.741Z;0;1;1;35
e1b5834a6e396f55d9255e1f9f33f66d3a4b6a0f;2020-11-18T06_45_02.477Z;0;1;1;35
e1b5834a6e396f55d9255e1f9f33f66d3a4b6a0f;2020-11-18T20_50_02.115Z;0;1;1;35
e1b5834a6e396f55d9255e1f9f33f66d3a4b6a0f;2020-11-18T21_07_23.204Z;0;0;0;36
e1b5834a6e396f55d9255e1f9f33f66d3a4b6a0f;2020-11-18T21_25_26.947Z;0;0;0;36
e1b5834a6e396f55d9255e1f9f33f66d3a4b6a0f;2020-11-18T21_26_39.813Z;0;0;0;36
e1b5834a6e396f55d9255e1f9f33f66d3a4b6a0f;2020-11-18T21_40_26.841Z;0;0;0;36
e1b5834a6e396f55d9255e1f9f33f66d3a4b6a0f;2020-11-22T01_20_33.157Z;0;0;0;36
e1b5834a6e396f55d9255e1f9f33f66d3a4b6a0f;2020-11-22T01_20_38.527Z;0;0;0;36
e1d16243d685d6f154eb089648fc32c3e17a4386;2020-11-19T21_19_11.535Z;1;0;0;0
e1d16243d685d6f154eb089648fc32c3e17a4386;2020-11-19T21_19_31.892Z;1;0;0;0
e1d16243d685d6f154eb089648fc32c3e17a4386;2020-11-19T21_20_00.994Z;0;0;0;13
e1d16243d685d6f154eb089648fc32c3e17a4386;2020-11-19T21_20_10.329Z;0;0;0;17
e1d16243d685d6f154eb089648fc32c3e17a4386;2020-11-25T19_27_35.026Z;0;4;5;31
e1d16243d685d6f154eb089648fc32c3e17a4386;2020-11-25T23_52_18.943Z;0;4;5;31
e1d16243d685d6f154eb089648fc32c3e17a4386;2020-11-26T00_41_39.105Z;0;0;0;36
e1d16243d685d6f154eb089648fc32c3e17a4386;2020-11-26T00_42_04.912Z;0;0;0;36
e1d16243d685d6f154eb089648fc32c3e17a4386;2020-11-26T00_42_28.106Z;0;4;5;31
e1d16243d685d6f154eb089648fc32c3e17a4386;2020-11-26T00_44_08.471Z;1;0;0;17
e1d16243d685d6f154eb089648fc32c3e17a4386;2020-11-26T00_57_42.234Z;1;0;0;17
e1d16243d685d6f154eb089648fc32c3e17a4386;2020-11-26T01_03_49.231Z;0;0;0;36
e2b0a9571c6fef418621bf040dca3da8c5362a21;2020-11-20T04_25_41.167Z;1;0;0;0
e2b0a9571c6fef418621bf040dca3da8c5362a21;2020-11-20T04_25_48.110Z;0;0;0;13
e2b0a9571c6fef418621bf040dca3da8c5362a21;2020-11-20T04_28_26.570Z;2;0;0;0
e2b0a9571c6fef418621bf040dca3da8c5362a21;2020-11-20T04_28_44.823Z;1;0;0;17
e2b0a9571c6fef418621bf040dca3da8c5362a21;2020-11-20T05_00_14.011Z;2;0;0;0
e2b0a9571c6fef418621bf040dca3da8c5362a21;2020-11-20T06_15_34.297Z;2;0;0;0
e2b0a9571c6fef418621bf040dca3da8c5362a21;2020-11-20T06_15_49.573Z;0;0;0;17
e2b0a9571c6fef418621bf040dca3da8c5362a21;2020-11-21T22_48_57.045Z;0;0;0;36
e2b0a9571c6fef418621bf040dca3da8c5362a21;2020-11-21T23_56_02.652Z;0;0;0;36
e2b0a9571c6fef418621bf040dca3da8c5362a21;2020-11-22T00_20_48.745Z;0;0;0;17
e2b0a9571c6fef418621bf040dca3da8c5362a21;2020-11-22T00_48_52.636Z;0;0;0;17
e2b0a9571c6fef418621bf040dca3da8c5362a21;2020-11-22T03_26_41.414Z;1;0;0;17
e2b0a9571c6fef418621bf040dca3da8c5362a21;2020-11-22T04_45_25.667Z;1;0;0;17
e2b0a9571c6fef418621bf040dca3da8c5362a21;2020-11-22T05_22_50.381Z;0;0;2;34
e2b0a9571c6fef418621bf040dca3da8c5362a21;2020-11-22T05_29_20.104Z;0;0;0;36
e2b0a9571c6fef418621bf040dca3da8c5362a21;2020-11-22T05_59_20.218Z;0;0;2;34
e2b0a9571c6fef418621bf040dca3da8c5362a21;2020-11-22T05_59_34.124Z;0;0;0;36
e2b0a9571c6fef418621bf040dca3da8c5362a21;2020-11-22T06_18_20.604Z;0;0;0;36
e2b0a9571c6fef418621bf040dca3da8c5362a21;2020-11-24T02_11_25.689Z;0;0;0;36
e2b0a9571c6fef418621bf040dca3da8c5362a21;2020-11-24T02_24_06.542Z;0;0;0;36
e2b0a9571c6fef418621bf040dca3da8c5362a21;2020-11-24T03_18_30.540Z;0;0;0;36
e2b0a9571c6fef418621bf040dca3da8c5362a21;2020-11-24T03_49_15.763Z;0;0;0;36
e2b0a9571c6fef418621bf040dca3da8c5362a21;2020-11-24T04_03_23.311Z;0;0;0;36
e2b0a9571c6fef418621bf040dca3da8c5362a21;2020-11-24T04_05_31.794Z;0;0;0;36
e2b0a9571c6fef418621bf040dca3da8c5362a21;2020-11-24T05_31_19.377Z;0;0;0;36
e2b0a9571c6fef418621bf040dca3da8c5362a21;2020-11-24T05_46_15.197Z;0;0;0;36
e2b0a9571c6fef418621bf040dca3da8c5362a21;2020-11-24T05_59_10.068Z;0;0;0;36
e2b0a9571c6fef418621bf040dca3da8c5362a21;2020-11-24T06_31_45.521Z;0;0;0;36
e3f6726c87109c172bf57544bda8ab40e32822be;2020-11-24T19_59_57.572Z;0;0;0;36
e3f6726c87109c172bf57544bda8ab40e32822be;2020-11-24T19_59_58.883Z;0;0;0;36
e3f6726c87109c172bf57544bda8ab40e32822be;2020-11-24T22_31_05.662Z;0;0;0;36
e3f6726c87109c172bf57544bda8ab40e32822be;2020-11-24T22_54_04.552Z;1;0;0;0
e3f6726c87109c172bf57544bda8ab40e32822be;2020-11-24T22_54_15.885Z;0;0;0;13
e3f6726c87109c172bf57544bda8ab40e32822be;2020-11-24T23_00_59.875Z;1;0;0;0
e3f6726c87109c172bf57544bda8ab40e32822be;2020-11-24T23_41_53.087Z;1;0;0;0
e3f6726c87109c172bf57544bda8ab40e32822be;2020-11-25T00_32_03.172Z;2;0;0;0
e3f6726c87109c172bf57544bda8ab40e32822be;2020-11-25T02_05_00.460Z;0;20;20;16
e3f6726c87109c172bf57544bda8ab40e32822be;2020-11-25T02_16_08.142Z;0;20;20;16
e3f6726c87109c172bf57544bda8ab40e32822be;2020-11-25T02_59_24.776Z;0;0;0;36
e3f6726c87109c172bf57544bda8ab40e32822be;2020-11-25T02_59_24.794Z;0;20;20;16
e3f6726c87109c172bf57544bda8ab40e32822be;2020-11-25T02_59_24.817Z;0;0;0;36
e3f6726c87109c172bf57544bda8ab40e32822be;2020-11-25T03_02_02.888Z;0;0;0;36
e3f6726c87109c172bf57544bda8ab40e32822be;2020-11-25T03_38_37.674Z;0;20;20;16
e3f6726c87109c172bf57544bda8ab40e32822be;2020-11-25T03_50_48.324Z;0;7;8;28
e3f6726c87109c172bf57544bda8ab40e32822be;2020-11-25T04_00_08.297Z;0;2;2;34
e3f6726c87109c172bf57544bda8ab40e32822be;2020-11-25T04_05_14.757Z;0;7;8;28
e3f6726c87109c172bf57544bda8ab40e32822be;2020-11-25T17_51_13.711Z;0;2;2;34
e3f6726c87109c172bf57544bda8ab40e32822be;2020-11-25T18_07_36.667Z;0;7;8;28
e3f6726c87109c172bf57544bda8ab40e32822be;2020-11-25T19_07_20.082Z;0;6;7;29
e3f6726c87109c172bf57544bda8ab40e32822be;2020-11-25T19_38_54.091Z;1;0;0;17
e3f6726c87109c172bf57544bda8ab40e32822be;2020-11-25T19_49_46.128Z;0;4;5;31
e3f6726c87109c172bf57544bda8ab40e32822be;2020-11-25T22_25_53.688Z;0;0;1;35
e3f6726c87109c172bf57544bda8ab40e32822be;2020-11-25T22_29_50.080Z;0;2;2;34
e5cdcd71dda149bde72346d66d3caf28024f99ea;2020-11-19T18_31_51.507Z;1;0;0;0
e5cdcd71dda149bde72346d66d3caf28024f99ea;2020-11-19T19_25_04.425Z;0;0;0;13
e5cdcd71dda149bde72346d66d3caf28024f99ea;2020-11-19T19_27_22.376Z;0;0;13;23
e5cdcd71dda149bde72346d66d3caf28024f99ea;2020-11-19T19_44_59.197Z;2;0;0;0
e5cdcd71dda149bde72346d66d3caf28024f99ea;2020-11-23T22_16_46.862Z;0;0;0;36
e5cdcd71dda149bde72346d66d3caf28024f99ea;2020-11-23T23_29_23.948Z;0;0;10;26
e5cdcd71dda149bde72346d66d3caf28024f99ea;2020-11-24T14_41_07.922Z;0;0;6;30
e5cdcd71dda149bde72346d66d3caf28024f99ea;2020-11-24T15_16_20.429Z;1;0;0;17
e5cdcd71dda149bde72346d66d3caf28024f99ea;2020-11-24T16_37_48.058Z;0;0;0;36
e5cdcd71dda149bde72346d66d3caf28024f99ea;2020-11-24T16_58_02.959Z;0;0;0;36
e5cdcd71dda149bde72346d66d3caf28024f99ea;2020-11-24T17_02_38.631Z;0;0;0;36
e761b3497fcd3266080b6cfa1e7ec2eeda61b25e;2020-11-16T20_12_44.339Z;1;0;0;0
e761b3497fcd3266080b6cfa1e7ec2eeda61b25e;2020-11-16T20_43_13.834Z;1;3;5;8
e761b3497fcd3266080b6cfa1e7ec2eeda61b25e;2020-11-16T21_43_35.737Z;2;0;0;0
e761b3497fcd3266080b6cfa1e7ec2eeda61b25e;2020-11-16T22_18_25.646Z;0;1;7;29
e761b3497fcd3266080b6cfa1e7ec2eeda61b25e;2020-11-18T19_18_33.805Z;0;1;7;29
e761b3497fcd3266080b6cfa1e7ec2eeda61b25e;2020-11-18T19_40_16.032Z;2;0;0;0
e761b3497fcd3266080b6cfa1e7ec2eeda61b25e;2020-11-18T19_42_34.807Z;0;0;0;13
e761b3497fcd3266080b6cfa1e7ec2eeda61b25e;2020-11-18T19_44_04.672Z;1;0;0;17
e761b3497fcd3266080b6cfa1e7ec2eeda61b25e;2020-11-18T20_37_28.871Z;1;0;0;17
e761b3497fcd3266080b6cfa1e7ec2eeda61b25e;2020-11-18T21_13_43.101Z;1;0;0;17
e761b3497fcd3266080b6cfa1e7ec2eeda61b25e;2020-11-18T21_38_32.740Z;0;1;3;33
e761b3497fcd3266080b6cfa1e7ec2eeda61b25e;2020-11-18T22_32_46.963Z;0;0;3;28
e761b3497fcd3266080b6cfa1e7ec2eeda61b25e;2020-11-19T20_25_18.714Z;0;2;4;32
e761b3497fcd3266080b6cfa1e7ec2eeda61b25e;2020-11-19T21_19_56.942Z;0;2;4;32
e761b3497fcd3266080b6cfa1e7ec2eeda61b25e;2020-11-19T21_27_27.514Z;0;0;0;36
e761b3497fcd3266080b6cfa1e7ec2eeda61b25e;2020-11-19T22_00_57.811Z;0;0;0;36
e761b3497fcd3266080b6cfa1e7ec2eeda61b25e;2020-11-19T22_27_18.202Z;0;1;5;31
e761b3497fcd3266080b6cfa1e7ec2eeda61b25e;2020-11-19T22_38_39.050Z;0;0;0;36
e761b3497fcd3266080b6cfa1e7ec2eeda61b25e;2020-11-19T23_07_07.852Z;0;0;0;36
e761b3497fcd3266080b6cfa1e7ec2eeda61b25e;2020-11-19T23_43_27.287Z;0;0;0;36
e761b3497fcd3266080b6cfa1e7ec2eeda61b25e;2020-11-19T23_43_43.302Z;0;0;2;34
e96d3fb323ad61d729908a2127e163ff6dda2443;2020-11-16T04_37_52.951Z;1;0;0;0
e96d3fb323ad61d729908a2127e163ff6dda2443;2020-11-16T20_31_56.397Z;2;0;0;0
e96d3fb323ad61d729908a2127e163ff6dda2443;2020-11-17T04_39_09.886Z;2;0;0;0
e96d3fb323ad61d729908a2127e163ff6dda2443;2020-11-17T14_58_08.594Z;0;0;0;36
e96d3fb323ad61d729908a2127e163ff6dda2443;2020-11-17T14_58_16.278Z;0;0;0;36
e96d3fb323ad61d729908a2127e163ff6dda2443;2020-11-17T14_58_28.831Z;0;0;0;36
e96d3fb323ad61d729908a2127e163ff6dda2443;2020-11-17T14_58_36.936Z;0;0;0;36
e96d3fb323ad61d729908a2127e163ff6dda2443;2020-11-17T15_04_10.635Z;0;6;11;25
e96d3fb323ad61d729908a2127e163ff6dda2443;2020-11-17T15_54_23.632Z;0;0;0;13
e96d3fb323ad61d729908a2127e163ff6dda2443;2020-11-17T15_55_30.631Z;0;6;6;30
e96d3fb323ad61d729908a2127e163ff6dda2443;2020-11-17T16_23_18.924Z;0;6;6;30
e96d3fb323ad61d729908a2127e163ff6dda2443;2020-11-17T16_55_40.778Z;1;0;0;17
e96d3fb323ad61d729908a2127e163ff6dda2443;2020-11-17T19_41_14.520Z;0;0;4;32
e96d3fb323ad61d729908a2127e163ff6dda2443;2020-11-18T03_16_40.195Z;0;0;0;36
e96d3fb323ad61d729908a2127e163ff6dda2443;2020-11-18T03_17_17.729Z;0;0;0;36
e96d3fb323ad61d729908a2127e163ff6dda2443;2020-11-18T03_38_15.267Z;0;0;2;34
e96d3fb323ad61d729908a2127e163ff6dda2443;2020-11-18T04_05_43.058Z;0;5;5;31
e96d3fb323ad61d729908a2127e163ff6dda2443;2020-11-18T04_09_28.947Z;1;0;0;17
e96d3fb323ad61d729908a2127e163ff6dda2443;2020-11-18T22_01_35.614Z;0;0;2;34
e96d3fb323ad61d729908a2127e163ff6dda2443;2020-11-18T22_12_33.868Z;0;4;4;32
e96d3fb323ad61d729908a2127e163ff6dda2443;2020-11-18T22_30_52.821Z;0;0;0;36
e96d3fb323ad61d729908a2127e163ff6dda2443;2020-11-18T23_11_44.843Z;0;0;0;36
ea75f49943d3ecd813163f096f0f21ccbd4ef8c9;2020-11-25T05_52_15.452Z;1;0;0;0
ea75f49943d3ecd813163f096f0f21ccbd4ef8c9;2020-11-25T05_54_12.585Z;2;0;0;0
ea75f49943d3ecd813163f096f0f21ccbd4ef8c9;2020-11-25T05_54_33.033Z;0;0;0;13
ea75f49943d3ecd813163f096f0f21ccbd4ef8c9;2020-11-25T05_56_15.896Z;1;0;0;17
ea75f49943d3ecd813163f096f0f21ccbd4ef8c9;2020-11-25T06_48_03.611Z;1;0;0;17
ea75f49943d3ecd813163f096f0f21ccbd4ef8c9;2020-11-25T07_00_17.895Z;2;0;0;0
ea75f49943d3ecd813163f096f0f21ccbd4ef8c9;2020-11-25T09_11_02.874Z;2;0;0;0
ea75f49943d3ecd813163f096f0f21ccbd4ef8c9;2020-11-25T10_42_52.925Z;0;0;14;22
ea75f49943d3ecd813163f096f0f21ccbd4ef8c9;2020-11-25T11_09_53.223Z;0;3;3;33
ea75f49943d3ecd813163f096f0f21ccbd4ef8c9;2020-11-25T11_23_05.836Z;0;3;3;33
ea75f49943d3ecd813163f096f0f21ccbd4ef8c9;2020-11-25T11_23_48.583Z;1;0;0;17
ea75f49943d3ecd813163f096f0f21ccbd4ef8c9;2020-11-25T23_45_05.967Z;0;0;14;22
ea75f49943d3ecd813163f096f0f21ccbd4ef8c9;2020-11-26T01_21_29.958Z;0;0;14;22
ea75f49943d3ecd813163f096f0f21ccbd4ef8c9;2020-11-26T04_07_36.577Z;0;7;7;29
ea75f49943d3ecd813163f096f0f21ccbd4ef8c9;2020-11-26T04_23_30.976Z;0;3;4;32
ea75f49943d3ecd813163f096f0f21ccbd4ef8c9;2020-11-26T05_00_22.401Z;0;0;0;36
ea75f49943d3ecd813163f096f0f21ccbd4ef8c9;2020-11-26T05_41_34.376Z;0;2;2;34
ea75f49943d3ecd813163f096f0f21ccbd4ef8c9;2020-11-26T06_00_01.980Z;0;0;0;36
ea75f49943d3ecd813163f096f0f21ccbd4ef8c9;2020-11-26T06_24_16.571Z;0;0;0;36
ea75f49943d3ecd813163f096f0f21ccbd4ef8c9;2020-11-26T06_36_36.356Z;0;0;0;36
ebc37c14dc0482e6748865ab0d58358e89be63a2;2020-11-23T06_08_02.896Z;1;0;0;0
ebc37c14dc0482e6748865ab0d58358e89be63a2;2020-11-23T06_52_56.435Z;2;0;0;0
ebc37c14dc0482e6748865ab0d58358e89be63a2;2020-11-23T07_26_34.736Z;0;12;16;20
ebc37c14dc0482e6748865ab0d58358e89be63a2;2020-11-23T08_01_03.604Z;0;13;16;20
ebc37c14dc0482e6748865ab0d58358e89be63a2;2020-11-23T15_35_32.618Z;0;13;13;23
ebc37c14dc0482e6748865ab0d58358e89be63a2;2020-11-23T15_38_19.682Z;0;0;0;36
ebc37c14dc0482e6748865ab0d58358e89be63a2;2020-11-23T15_40_31.959Z;0;0;0;13
ebc37c14dc0482e6748865ab0d58358e89be63a2;2020-11-23T15_41_38.995Z;0;0;0;17
ebc37c14dc0482e6748865ab0d58358e89be63a2;2020-11-23T15_54_31.358Z;0;0;0;36
ebc37c14dc0482e6748865ab0d58358e89be63a2;2020-11-23T16_07_05.699Z;0;0;13;23
ebc37c14dc0482e6748865ab0d58358e89be63a2;2020-11-23T16_42_04.672Z;0;2;2;34
ebc37c14dc0482e6748865ab0d58358e89be63a2;2020-11-23T16_58_47.047Z;0;2;2;34
ebc37c14dc0482e6748865ab0d58358e89be63a2;2020-11-23T17_08_52.269Z;1;0;0;17
ebc37c14dc0482e6748865ab0d58358e89be63a2;2020-11-23T17_41_06.625Z;0;0;13;23
ebc37c14dc0482e6748865ab0d58358e89be63a2;2020-11-23T18_16_51.112Z;1;0;0;17
ebc37c14dc0482e6748865ab0d58358e89be63a2;2020-11-23T18_39_37.817Z;0;0;13;23
ebc37c14dc0482e6748865ab0d58358e89be63a2;2020-11-23T21_29_33.810Z;1;0;0;17
ebc37c14dc0482e6748865ab0d58358e89be63a2;2020-11-23T21_51_00.707Z;1;0;0;17
ebc37c14dc0482e6748865ab0d58358e89be63a2;2020-11-23T23_48_53.865Z;0;0;10;26
ebc37c14dc0482e6748865ab0d58358e89be63a2;2020-11-24T00_29_00.923Z;1;0;0;17
ebc37c14dc0482e6748865ab0d58358e89be63a2;2020-11-24T00_57_07.672Z;0;0;6;30
ebc37c14dc0482e6748865ab0d58358e89be63a2;2020-11-24T02_48_50.783Z;0;2;2;34
ebc37c14dc0482e6748865ab0d58358e89be63a2;2020-11-24T03_08_29.010Z;1;0;0;17
ebc37c14dc0482e6748865ab0d58358e89be63a2;2020-11-24T03_26_54.128Z;0;2;2;34
ebc37c14dc0482e6748865ab0d58358e89be63a2;2020-11-24T03_59_56.970Z;0;2;5;31
ebc37c14dc0482e6748865ab0d58358e89be63a2;2020-11-24T04_18_23.430Z;0;3;6;30
ebc37c14dc0482e6748865ab0d58358e89be63a2;2020-11-24T05_36_47.034Z;0;3;6;30
ebc37c14dc0482e6748865ab0d58358e89be63a2;2020-11-24T05_49_25.711Z;0;4;4;32
ebc37c14dc0482e6748865ab0d58358e89be63a2;2020-11-24T05_57_37.282Z;0;2;2;34
ebc37c14dc0482e6748865ab0d58358e89be63a2;2020-11-24T18_21_47.653Z;0;2;2;34
ebc37c14dc0482e6748865ab0d58358e89be63a2;2020-11-24T18_32_51.075Z;0;0;0;36
ebc37c14dc0482e6748865ab0d58358e89be63a2;2020-11-24T18_38_51.461Z;0;13;13;23
ebc37c14dc0482e6748865ab0d58358e89be63a2;2020-11-24T19_02_28.905Z;0;0;0;36
ebc37c14dc0482e6748865ab0d58358e89be63a2;2020-11-25T06_34_20.042Z;0;0;0;36
ebc37c14dc0482e6748865ab0d58358e89be63a2;2020-11-25T07_44_02.110Z;0;0;0;36
ebc37c14dc0482e6748865ab0d58358e89be63a2;2020-11-25T07_47_09.527Z;0;0;0;36
ebc37c14dc0482e6748865ab0d58358e89be63a2;2020-11-25T08_12_53.872Z;0;0;0;36
ebc37c14dc0482e6748865ab0d58358e89be63a2;2020-11-25T08_37_42.793Z;0;0;0;36
ebc37c14dc0482e6748865ab0d58358e89be63a2;2020-11-25T21_12_38.457Z;0;0;0;36
ebc37c14dc0482e6748865ab0d58358e89be63a2;2020-11-25T21_16_54.188Z;0;0;0;36
ebc37c14dc0482e6748865ab0d58358e89be63a2;2020-11-25T22_15_54.905Z;0;0;0;36
ebc37c14dc0482e6748865ab0d58358e89be63a2;2020-11-25T22_25_44.623Z;0;0;0;36
ec1f4b6abfb302c4fb6d6d8e0d98134f7da23aa9;2020-11-16T14_43_12.652Z;1;0;0;0
ec1f4b6abfb302c4fb6d6d8e0d98134f7da23aa9;2020-11-16T14_43_26.222Z;0;0;0;13
ec1f4b6abfb302c4fb6d6d8e0d98134f7da23aa9;2020-11-16T14_45_37.874Z;1;0;0;17
ec1f4b6abfb302c4fb6d6d8e0d98134f7da23aa9;2020-11-16T14_45_52.651Z;2;0;0;0
ec1f4b6abfb302c4fb6d6d8e0d98134f7da23aa9;2020-11-16T14_56_14.487Z;1;0;0;17
ec1f4b6abfb302c4fb6d6d8e0d98134f7da23aa9;2020-11-16T14_58_56.748Z;2;0;0;0
ec1f4b6abfb302c4fb6d6d8e0d98134f7da23aa9;2020-11-16T16_25_01.347Z;2;0;0;0
ec1f4b6abfb302c4fb6d6d8e0d98134f7da23aa9;2020-11-16T16_25_22.669Z;1;0;0;17
ec1f4b6abfb302c4fb6d6d8e0d98134f7da23aa9;2020-11-16T23_11_48.118Z;0;0;13;23
ec1f4b6abfb302c4fb6d6d8e0d98134f7da23aa9;2020-11-16T23_14_01.942Z;2;0;0;0
ec1f4b6abfb302c4fb6d6d8e0d98134f7da23aa9;2020-11-16T23_33_20.570Z;2;0;0;0
ec1f4b6abfb302c4fb6d6d8e0d98134f7da23aa9;2020-11-17T00_01_38.987Z;2;0;0;0
ec1f4b6abfb302c4fb6d6d8e0d98134f7da23aa9;2020-11-17T00_39_23.383Z;2;0;0;0
ec1f4b6abfb302c4fb6d6d8e0d98134f7da23aa9;2020-11-17T01_04_30.310Z;2;0;0;0
ec1f4b6abfb302c4fb6d6d8e0d98134f7da23aa9;2020-11-17T02_55_17.099Z;2;0;0;0
ec1f4b6abfb302c4fb6d6d8e0d98134f7da23aa9;2020-11-17T03_21_21.034Z;2;0;0;0
ec1f4b6abfb302c4fb6d6d8e0d98134f7da23aa9;2020-11-17T13_42_56.549Z;2;0;0;0
ec1f4b6abfb302c4fb6d6d8e0d98134f7da23aa9;2020-11-17T16_15_52.068Z;0;12;13;23
ec1f4b6abfb302c4fb6d6d8e0d98134f7da23aa9;2020-11-17T19_41_52.075Z;0;12;13;23
ec1f4b6abfb302c4fb6d6d8e0d98134f7da23aa9;2020-11-17T21_46_44.926Z;2;0;0;0
ec1f4b6abfb302c4fb6d6d8e0d98134f7da23aa9;2020-11-17T23_21_56.595Z;2;0;0;0
ec1f4b6abfb302c4fb6d6d8e0d98134f7da23aa9;2020-11-18T21_58_35.516Z;2;0;0;0
ec1f4b6abfb302c4fb6d6d8e0d98134f7da23aa9;2020-11-19T02_45_52.385Z;0;1;7;29
ec1f4b6abfb302c4fb6d6d8e0d98134f7da23aa9;2020-11-19T03_01_38.140Z;0;1;7;29
ec1f4b6abfb302c4fb6d6d8e0d98134f7da23aa9;2020-11-19T03_32_02.079Z;2;0;0;0
ec1f4b6abfb302c4fb6d6d8e0d98134f7da23aa9;2020-11-19T18_57_33.256Z;0;1;7;29
ec1f4b6abfb302c4fb6d6d8e0d98134f7da23aa9;2020-11-22T20_58_16.921Z;0;1;7;29
ec1f4b6abfb302c4fb6d6d8e0d98134f7da23aa9;2020-11-24T12_02_10.273Z;0;0;13;23
ec1f4b6abfb302c4fb6d6d8e0d98134f7da23aa9;2020-11-24T12_05_25.370Z;0;1;7;29
ec1f4b6abfb302c4fb6d6d8e0d98134f7da23aa9;2020-11-24T12_14_32.876Z;1;0;0;17
ec1f4b6abfb302c4fb6d6d8e0d98134f7da23aa9;2020-11-24T12_38_41.643Z;0;0;13;23
ec1f4b6abfb302c4fb6d6d8e0d98134f7da23aa9;2020-11-24T12_45_12.621Z;0;1;3;33
ec1f4b6abfb302c4fb6d6d8e0d98134f7da23aa9;2020-11-24T20_44_41.737Z;1;0;0;17
ec1f4b6abfb302c4fb6d6d8e0d98134f7da23aa9;2020-11-25T21_54_43.319Z;1;0;0;17
ec1f4b6abfb302c4fb6d6d8e0d98134f7da23aa9;2020-11-25T22_10_46.337Z;1;0;0;17
ec1f4b6abfb302c4fb6d6d8e0d98134f7da23aa9;2020-11-25T23_04_04.004Z;0;5;9;27
ec1f4b6abfb302c4fb6d6d8e0d98134f7da23aa9;2020-11-25T23_21_48.182Z;0;4;9;27
ec1f4b6abfb302c4fb6d6d8e0d98134f7da23aa9;2020-11-25T23_23_41.168Z;0;1;3;33
ec1f4b6abfb302c4fb6d6d8e0d98134f7da23aa9;2020-11-26T01_28_28.485Z;0;6;7;29
ec1f4b6abfb302c4fb6d6d8e0d98134f7da23aa9;2020-11-26T01_58_29.229Z;0;2;7;29
ec1f4b6abfb302c4fb6d6d8e0d98134f7da23aa9;2020-11-26T02_16_19.707Z;0;2;2;34
ec1f4b6abfb302c4fb6d6d8e0d98134f7da23aa9;2020-11-26T02_32_28.174Z;1;0;0;17
ec1f4b6abfb302c4fb6d6d8e0d98134f7da23aa9;2020-11-26T03_05_30.910Z;0;2;6;30
ec1f4b6abfb302c4fb6d6d8e0d98134f7da23aa9;2020-11-26T03_16_42.160Z;0;2;6;30
ec3575e0aaf86406ac4a84bb5d0049cbed28c421;2020-11-18T20_19_22.557Z;1;0;0;0
ec3575e0aaf86406ac4a84bb5d0049cbed28c421;2020-11-18T20_22_26.483Z;1;0;9;4
ec3575e0aaf86406ac4a84bb5d0049cbed28c421;2020-11-18T21_14_04.930Z;1;4;5;8
ec3575e0aaf86406ac4a84bb5d0049cbed28c421;2020-11-18T21_14_28.629Z;0;0;0;36
ec3575e0aaf86406ac4a84bb5d0049cbed28c421;2020-11-18T21_15_30.051Z;0;0;0;36
ec3575e0aaf86406ac4a84bb5d0049cbed28c421;2020-11-18T22_32_35.199Z;2;0;0;0
ec3575e0aaf86406ac4a84bb5d0049cbed28c421;2020-11-18T22_55_49.289Z;0;1;7;29
ec3575e0aaf86406ac4a84bb5d0049cbed28c421;2020-11-19T00_22_57.027Z;0;1;3;33
ec3575e0aaf86406ac4a84bb5d0049cbed28c421;2020-11-19T00_58_51.343Z;0;0;2;34
ec3575e0aaf86406ac4a84bb5d0049cbed28c421;2020-11-19T01_02_43.940Z;0;0;0;13
ec3575e0aaf86406ac4a84bb5d0049cbed28c421;2020-11-19T01_12_19.824Z;0;0;2;34
ec3575e0aaf86406ac4a84bb5d0049cbed28c421;2020-11-19T02_01_50.389Z;0;0;0;17
ec3575e0aaf86406ac4a84bb5d0049cbed28c421;2020-11-19T03_22_16.489Z;0;4;4;23
ec3575e0aaf86406ac4a84bb5d0049cbed28c421;2020-11-19T03_33_43.789Z;0;0;0;36
ec3575e0aaf86406ac4a84bb5d0049cbed28c421;2020-11-19T03_33_45.392Z;0;0;0;36
ec3575e0aaf86406ac4a84bb5d0049cbed28c421;2020-11-19T03_36_03.300Z;0;0;0;36
ec3575e0aaf86406ac4a84bb5d0049cbed28c421;2020-11-19T14_25_56.756Z;1;0;0;17
ec3575e0aaf86406ac4a84bb5d0049cbed28c421;2020-11-19T15_41_36.777Z;0;0;2;34
ec3575e0aaf86406ac4a84bb5d0049cbed28c421;2020-11-19T16_01_07.816Z;0;1;6;30
ec3575e0aaf86406ac4a84bb5d0049cbed28c421;2020-11-19T16_09_08.159Z;0;0;2;34
ec3575e0aaf86406ac4a84bb5d0049cbed28c421;2020-11-19T17_32_33.763Z;0;0;0;36
ec3575e0aaf86406ac4a84bb5d0049cbed28c421;2020-11-19T17_32_33.771Z;0;0;0;36
ec3575e0aaf86406ac4a84bb5d0049cbed28c421;2020-11-19T17_32_33.794Z;0;0;2;34
ec3575e0aaf86406ac4a84bb5d0049cbed28c421;2020-11-19T17_50_19.513Z;0;0;4;32
ec3575e0aaf86406ac4a84bb5d0049cbed28c421;2020-11-19T19_41_26.820Z;0;0;4;32
ec3575e0aaf86406ac4a84bb5d0049cbed28c421;2020-11-19T20_11_26.220Z;0;0;2;34
ec3575e0aaf86406ac4a84bb5d0049cbed28c421;2020-11-19T20_29_33.600Z;0;0;1;35
ec3575e0aaf86406ac4a84bb5d0049cbed28c421;2020-11-19T20_54_18.917Z;0;0;2;34
ec3575e0aaf86406ac4a84bb5d0049cbed28c421;2020-11-19T21_00_39.337Z;0;0;0;36
ec3575e0aaf86406ac4a84bb5d0049cbed28c421;2020-11-19T21_07_41.341Z;0;0;0;36
ec3575e0aaf86406ac4a84bb5d0049cbed28c421;2020-11-23T15_59_48.671Z;0;0;0;36
ec3575e0aaf86406ac4a84bb5d0049cbed28c421;2020-11-23T20_20_46.192Z;0;0;0;36
ec3575e0aaf86406ac4a84bb5d0049cbed28c421;2020-11-24T20_20_17.427Z;0;0;0;36
ec3575e0aaf86406ac4a84bb5d0049cbed28c421;2020-11-25T16_46_12.708Z;0;0;0;36
ec3575e0aaf86406ac4a84bb5d0049cbed28c421;2020-11-25T17_14_40.827Z;0;0;0;36
ec3575e0aaf86406ac4a84bb5d0049cbed28c421;2020-11-25T17_28_54.476Z;0;0;0;36
ec3575e0aaf86406ac4a84bb5d0049cbed28c421;2020-11-25T17_52_57.579Z;0;0;0;36
ec3575e0aaf86406ac4a84bb5d0049cbed28c421;2020-11-25T19_16_24.491Z;0;0;0;36
ec3575e0aaf86406ac4a84bb5d0049cbed28c421;2020-11-25T19_17_28.884Z;0;0;0;36
f287bc03f1da354760d06ae72a386f51451e0278;2020-11-23T08_23_15.978Z;1;0;0;0
f287bc03f1da354760d06ae72a386f51451e0278;2020-11-23T08_23_31.117Z;0;0;0;13
f287bc03f1da354760d06ae72a386f51451e0278;2020-11-23T08_25_41.122Z;2;0;0;0
f287bc03f1da354760d06ae72a386f51451e0278;2020-11-23T08_27_21.903Z;1;0;0;17
f287bc03f1da354760d06ae72a386f51451e0278;2020-11-23T10_22_15.058Z;2;0;0;0
f287bc03f1da354760d06ae72a386f51451e0278;2020-11-23T11_10_10.883Z;0;0;13;23
f287bc03f1da354760d06ae72a386f51451e0278;2020-11-23T11_13_23.416Z;0;12;14;22
f287bc03f1da354760d06ae72a386f51451e0278;2020-11-23T11_29_24.224Z;2;0;0;0
f287bc03f1da354760d06ae72a386f51451e0278;2020-11-24T04_36_07.064Z;2;0;0;0
f287bc03f1da354760d06ae72a386f51451e0278;2020-11-24T05_51_53.275Z;0;2;9;27
f287bc03f1da354760d06ae72a386f51451e0278;2020-11-24T06_06_22.928Z;0;2;9;27
f287bc03f1da354760d06ae72a386f51451e0278;2020-11-24T06_21_30.848Z;0;2;9;27
f287bc03f1da354760d06ae72a386f51451e0278;2020-11-24T08_03_32.543Z;0;2;9;27
f287bc03f1da354760d06ae72a386f51451e0278;2020-11-24T08_58_48.611Z;0;2;9;27
f287bc03f1da354760d06ae72a386f51451e0278;2020-11-24T09_41_59.096Z;0;1;8;28
f287bc03f1da354760d06ae72a386f51451e0278;2020-11-24T09_53_31.620Z;0;1;8;28
f287bc03f1da354760d06ae72a386f51451e0278;2020-11-24T10_39_03.069Z;0;5;6;30
f287bc03f1da354760d06ae72a386f51451e0278;2020-11-24T11_01_10.140Z;0;0;0;36
f287bc03f1da354760d06ae72a386f51451e0278;2020-11-24T15_07_00.658Z;0;0;0;36
f287bc03f1da354760d06ae72a386f51451e0278;2020-11-24T15_24_35.380Z;0;0;0;36
f287bc03f1da354760d06ae72a386f51451e0278;2020-11-24T15_40_52.585Z;0;0;13;23
f287bc03f1da354760d06ae72a386f51451e0278;2020-11-24T16_07_53.754Z;1;0;0;17
f287bc03f1da354760d06ae72a386f51451e0278;2020-11-24T16_33_01.790Z;1;0;0;17
f287bc03f1da354760d06ae72a386f51451e0278;2020-11-25T08_03_50.317Z;1;0;0;17
f287bc03f1da354760d06ae72a386f51451e0278;2020-11-25T10_58_36.791Z;0;0;7;29
f287bc03f1da354760d06ae72a386f51451e0278;2020-11-25T11_41_00.359Z;1;0;0;17
f287bc03f1da354760d06ae72a386f51451e0278;2020-11-25T12_15_01.029Z;0;2;3;33
f287bc03f1da354760d06ae72a386f51451e0278;2020-11-25T12_21_58.756Z;0;0;0;36
f287bc03f1da354760d06ae72a386f51451e0278;2020-11-25T12_34_06.629Z;0;0;0;36
f287bc03f1da354760d06ae72a386f51451e0278;2020-11-25T12_34_06.638Z;0;0;0;36
f287bc03f1da354760d06ae72a386f51451e0278;2020-11-25T12_41_59.732Z;0;0;0;36
f287bc03f1da354760d06ae72a386f51451e0278;2020-11-26T00_06_57.668Z;0;0;0;36
f287bc03f1da354760d06ae72a386f51451e0278;2020-11-26T00_21_18.435Z;0;0;0;36
f287bc03f1da354760d06ae72a386f51451e0278;2020-11-26T01_05_13.236Z;0;0;0;36
f287bc03f1da354760d06ae72a386f51451e0278;2020-11-26T03_35_07.026Z;0;0;0;36
f287bc03f1da354760d06ae72a386f51451e0278;2020-11-26T04_00_12.998Z;0;0;0;36
f287bc03f1da354760d06ae72a386f51451e0278;2020-11-26T04_01_21.866Z;0;0;0;36
f28c6e1a9bf60d3ba776d6be18bb5dcc3d2d91da;2020-11-18T00_02_13.854Z;0;0;0;36
f28c6e1a9bf60d3ba776d6be18bb5dcc3d2d91da;2020-11-18T00_02_17.908Z;0;0;0;36
f28c6e1a9bf60d3ba776d6be18bb5dcc3d2d91da;2020-11-18T02_46_17.156Z;0;0;0;36
f28c6e1a9bf60d3ba776d6be18bb5dcc3d2d91da;2020-11-18T02_56_08.689Z;0;0;0;36
f28c6e1a9bf60d3ba776d6be18bb5dcc3d2d91da;2020-11-18T03_33_46.497Z;0;0;0;36
f28c6e1a9bf60d3ba776d6be18bb5dcc3d2d91da;2020-11-18T03_59_52.832Z;0;0;0;36
f28c6e1a9bf60d3ba776d6be18bb5dcc3d2d91da;2020-11-18T04_24_11.208Z;0;0;0;36
f28c6e1a9bf60d3ba776d6be18bb5dcc3d2d91da;2020-11-18T04_24_13.642Z;0;0;0;36
f28c6e1a9bf60d3ba776d6be18bb5dcc3d2d91da;2020-11-18T04_24_19.361Z;0;0;0;36
f28c6e1a9bf60d3ba776d6be18bb5dcc3d2d91da;2020-11-18T04_25_44.012Z;0;0;0;36
f28c6e1a9bf60d3ba776d6be18bb5dcc3d2d91da;2020-11-18T04_46_24.950Z;0;0;0;36
f28c6e1a9bf60d3ba776d6be18bb5dcc3d2d91da;2020-11-18T05_39_39.132Z;0;0;0;36
f28c6e1a9bf60d3ba776d6be18bb5dcc3d2d91da;2020-11-18T23_06_24.519Z;0;0;0;36
f28c6e1a9bf60d3ba776d6be18bb5dcc3d2d91da;2020-11-18T23_06_40.133Z;2;0;0;0
f28c6e1a9bf60d3ba776d6be18bb5dcc3d2d91da;2020-11-18T23_08_59.571Z;1;6;9;5
f28c6e1a9bf60d3ba776d6be18bb5dcc3d2d91da;2020-11-19T03_44_23.781Z;1;6;9;5
f28c6e1a9bf60d3ba776d6be18bb5dcc3d2d91da;2020-11-19T04_26_29.904Z;0;0;0;36
f28c6e1a9bf60d3ba776d6be18bb5dcc3d2d91da;2020-11-19T04_43_35.544Z;0;0;0;36
f28c6e1a9bf60d3ba776d6be18bb5dcc3d2d91da;2020-11-19T05_31_30.154Z;0;0;0;36
f28c6e1a9bf60d3ba776d6be18bb5dcc3d2d91da;2020-11-19T06_04_04.546Z;0;0;0;36
f28c6e1a9bf60d3ba776d6be18bb5dcc3d2d91da;2020-11-19T06_15_18.385Z;0;6;8;28
f28c6e1a9bf60d3ba776d6be18bb5dcc3d2d91da;2020-11-19T23_47_03.632Z;0;0;0;36
f28c6e1a9bf60d3ba776d6be18bb5dcc3d2d91da;2020-11-21T22_44_19.353Z;0;0;0;13
f28c6e1a9bf60d3ba776d6be18bb5dcc3d2d91da;2020-11-21T22_45_04.464Z;1;0;0;17
f28c6e1a9bf60d3ba776d6be18bb5dcc3d2d91da;2020-11-22T01_51_24.168Z;1;0;0;17
f28c6e1a9bf60d3ba776d6be18bb5dcc3d2d91da;2020-11-22T03_00_58.221Z;0;0;0;17
f28c6e1a9bf60d3ba776d6be18bb5dcc3d2d91da;2020-11-23T00_20_47.099Z;1;0;0;17
f28c6e1a9bf60d3ba776d6be18bb5dcc3d2d91da;2020-11-23T00_50_07.435Z;1;0;0;17
f28c6e1a9bf60d3ba776d6be18bb5dcc3d2d91da;2020-11-23T02_46_35.539Z;0;1;1;25
f28c6e1a9bf60d3ba776d6be18bb5dcc3d2d91da;2020-11-23T03_25_48.075Z;0;0;0;36
f28c6e1a9bf60d3ba776d6be18bb5dcc3d2d91da;2020-11-23T03_44_25.264Z;0;5;5;31
f28c6e1a9bf60d3ba776d6be18bb5dcc3d2d91da;2020-11-23T04_20_23.015Z;0;3;3;33
f28c6e1a9bf60d3ba776d6be18bb5dcc3d2d91da;2020-11-23T06_17_45.380Z;0;0;0;36
f28c6e1a9bf60d3ba776d6be18bb5dcc3d2d91da;2020-11-23T06_43_50.374Z;0;0;0;36
f28c6e1a9bf60d3ba776d6be18bb5dcc3d2d91da;2020-11-23T06_43_50.407Z;0;0;0;36
f28c6e1a9bf60d3ba776d6be18bb5dcc3d2d91da;2020-11-23T06_44_42.183Z;0;0;0;36
f28c6e1a9bf60d3ba776d6be18bb5dcc3d2d91da;2020-11-23T06_50_49.076Z;0;0;0;36
f28c6e1a9bf60d3ba776d6be18bb5dcc3d2d91da;2020-11-23T07_03_32.100Z;1;0;0;17
f28c6e1a9bf60d3ba776d6be18bb5dcc3d2d91da;2020-11-23T20_11_43.887Z;0;0;0;36
f28c6e1a9bf60d3ba776d6be18bb5dcc3d2d91da;2020-11-23T20_22_18.036Z;1;0;0;17
f28c6e1a9bf60d3ba776d6be18bb5dcc3d2d91da;2020-11-23T21_19_59.019Z;0;0;0;36
f28c6e1a9bf60d3ba776d6be18bb5dcc3d2d91da;2020-11-23T21_21_25.902Z;0;1;1;35
f28c6e1a9bf60d3ba776d6be18bb5dcc3d2d91da;2020-11-23T21_50_51.493Z;0;0;0;36
f28c6e1a9bf60d3ba776d6be18bb5dcc3d2d91da;2020-11-23T21_59_34.521Z;0;0;0;36
f2bb2b3fe03f459960fc0f061ca7251557340fd5;2020-11-15T19_39_50.370Z;0;0;0;36
f2bb2b3fe03f459960fc0f061ca7251557340fd5;2020-11-15T19_39_57.952Z;0;0;0;36
f2bb2b3fe03f459960fc0f061ca7251557340fd5;2020-11-15T19_40_14.218Z;0;0;0;36
f2bb2b3fe03f459960fc0f061ca7251557340fd5;2020-11-18T20_16_36.456Z;1;0;0;0
f2bb2b3fe03f459960fc0f061ca7251557340fd5;2020-11-18T20_50_21.590Z;0;0;0;13
f2bb2b3fe03f459960fc0f061ca7251557340fd5;2020-11-18T20_58_28.242Z;0;0;14;22
f2bb2b3fe03f459960fc0f061ca7251557340fd5;2020-11-18T22_14_26.845Z;0;1;17;19
f2bb2b3fe03f459960fc0f061ca7251557340fd5;2020-11-18T22_54_51.611Z;0;0;14;22
f2bb2b3fe03f459960fc0f061ca7251557340fd5;2020-11-19T20_13_03.949Z;1;0;0;17
f2bb2b3fe03f459960fc0f061ca7251557340fd5;2020-11-19T20_53_13.110Z;1;0;0;17
f2bb2b3fe03f459960fc0f061ca7251557340fd5;2020-11-19T21_12_07.073Z;1;0;0;17
f2bb2b3fe03f459960fc0f061ca7251557340fd5;2020-11-19T21_57_02.943Z;1;0;0;17
f2bb2b3fe03f459960fc0f061ca7251557340fd5;2020-11-19T22_14_35.398Z;1;0;0;17
f2bb2b3fe03f459960fc0f061ca7251557340fd5;2020-11-19T23_08_00.670Z;0;0;14;22
f2bb2b3fe03f459960fc0f061ca7251557340fd5;2020-11-19T23_59_55.696Z;0;0;14;22
f2bb2b3fe03f459960fc0f061ca7251557340fd5;2020-11-20T15_55_48.618Z;1;0;0;17
f2bb2b3fe03f459960fc0f061ca7251557340fd5;2020-11-21T23_40_26.727Z;1;0;0;17
f2bb2b3fe03f459960fc0f061ca7251557340fd5;2020-11-22T00_06_18.801Z;0;1;12;24
f2bb2b3fe03f459960fc0f061ca7251557340fd5;2020-11-22T00_20_18.158Z;0;1;12;24
f2bb2b3fe03f459960fc0f061ca7251557340fd5;2020-11-22T17_19_41.549Z;0;1;12;24
f2bb2b3fe03f459960fc0f061ca7251557340fd5;2020-11-22T18_36_31.156Z;0;1;7;29
f2bb2b3fe03f459960fc0f061ca7251557340fd5;2020-11-23T02_30_03.066Z;0;1;5;31
f2bb2b3fe03f459960fc0f061ca7251557340fd5;2020-11-23T03_09_07.622Z;0;1;5;31
f2bb2b3fe03f459960fc0f061ca7251557340fd5;2020-11-23T20_06_35.859Z;0;0;0;36
f2bb2b3fe03f459960fc0f061ca7251557340fd5;2020-11-23T20_06_35.869Z;0;0;0;36
f2bb2b3fe03f459960fc0f061ca7251557340fd5;2020-11-23T20_06_35.879Z;0;1;17;19
f2bb2b3fe03f459960fc0f061ca7251557340fd5;2020-11-23T20_06_35.888Z;0;0;0;36
f2bb2b3fe03f459960fc0f061ca7251557340fd5;2020-11-23T20_06_44.664Z;0;1;1;35
f2bb2b3fe03f459960fc0f061ca7251557340fd5;2020-11-23T21_07_09.710Z;0;0;0;36
f2bb2b3fe03f459960fc0f061ca7251557340fd5;2020-11-23T21_10_40.831Z;0;0;0;36
f2bb2b3fe03f459960fc0f061ca7251557340fd5;2020-11-23T21_27_42.010Z;0;0;0;36
f2bb2b3fe03f459960fc0f061ca7251557340fd5;2020-11-23T21_28_06.507Z;0;0;0;36
f2bb2b3fe03f459960fc0f061ca7251557340fd5;2020-11-23T21_55_06.713Z;0;0;0;36
f2bb2b3fe03f459960fc0f061ca7251557340fd5;2020-11-23T22_33_27.431Z;0;0;0;36
f4a70b94c0f0672dc6493d156518ae25c3976a06;2020-11-16T12_26_20.099Z;0;0;0;36
f4a70b94c0f0672dc6493d156518ae25c3976a06;2020-11-16T12_26_32.130Z;0;0;0;36
f4a70b94c0f0672dc6493d156518ae25c3976a06;2020-11-16T12_26_38.853Z;0;0;0;36
f4a70b94c0f0672dc6493d156518ae25c3976a06;2020-11-16T12_27_08.982Z;1;0;0;0
f4a70b94c0f0672dc6493d156518ae25c3976a06;2020-11-16T12_27_14.252Z;0;0;0;13
f4a70b94c0f0672dc6493d156518ae25c3976a06;2020-11-16T12_39_01.462Z;0;0;13;23
f4a70b94c0f0672dc6493d156518ae25c3976a06;2020-11-16T13_41_47.385Z;0;0;4;32
f4a70b94c0f0672dc6493d156518ae25c3976a06;2020-11-16T14_00_07.573Z;0;2;13;23
f4a70b94c0f0672dc6493d156518ae25c3976a06;2020-11-16T14_54_05.258Z;0;1;10;24
f4a70b94c0f0672dc6493d156518ae25c3976a06;2020-11-16T22_16_07.986Z;0;2;3;33
f4a70b94c0f0672dc6493d156518ae25c3976a06;2020-11-16T22_36_08.756Z;0;0;0;36
f4a70b94c0f0672dc6493d156518ae25c3976a06;2020-11-16T23_15_25.377Z;0;0;0;36
f4a70b94c0f0672dc6493d156518ae25c3976a06;2020-11-16T23_15_51.001Z;0;0;0;36
f4a70b94c0f0672dc6493d156518ae25c3976a06;2020-11-18T12_57_09.053Z;0;0;0;36
f4a70b94c0f0672dc6493d156518ae25c3976a06;2020-11-18T12_57_57.466Z;0;0;0;36
f4a70b94c0f0672dc6493d156518ae25c3976a06;2020-11-18T12_58_16.142Z;0;0;0;36
f4a70b94c0f0672dc6493d156518ae25c3976a06;2020-11-18T13_00_12.757Z;0;0;0;36
f4a70b94c0f0672dc6493d156518ae25c3976a06;2020-11-18T13_01_06.755Z;0;0;0;36
f4a70b94c0f0672dc6493d156518ae25c3976a06;2020-11-19T01_54_30.600Z;0;0;0;36
f4a70b94c0f0672dc6493d156518ae25c3976a06;2020-11-23T13_00_59.822Z;0;0;0;36
f4a70b94c0f0672dc6493d156518ae25c3976a06;2020-11-23T13_29_11.230Z;0;0;0;36
f4a70b94c0f0672dc6493d156518ae25c3976a06;2020-11-23T13_54_36.796Z;0;0;0;36
f4a70b94c0f0672dc6493d156518ae25c3976a06;2020-11-23T15_00_05.156Z;0;0;0;36
f4a70b94c0f0672dc6493d156518ae25c3976a06;2020-11-23T15_22_54.117Z;0;0;0;36
f4a70b94c0f0672dc6493d156518ae25c3976a06;2020-11-23T15_25_34.415Z;0;0;0;36
f4a70b94c0f0672dc6493d156518ae25c3976a06;2020-11-23T22_54_44.757Z;0;0;0;36
f4a70b94c0f0672dc6493d156518ae25c3976a06;2020-11-24T00_42_17.430Z;0;0;0;36
f4a70b94c0f0672dc6493d156518ae25c3976a06;2020-11-24T00_58_46.211Z;0;0;0;36
f4a70b94c0f0672dc6493d156518ae25c3976a06;2020-11-24T01_07_54.496Z;0;0;0;36
f4a70b94c0f0672dc6493d156518ae25c3976a06;2020-11-24T13_41_26.661Z;0;0;0;36
f4a70b94c0f0672dc6493d156518ae25c3976a06;2020-11-25T01_02_24.613Z;0;0;0;36
f4a70b94c0f0672dc6493d156518ae25c3976a06;2020-11-25T01_02_24.621Z;0;0;0;36
f4a70b94c0f0672dc6493d156518ae25c3976a06;2020-11-25T01_02_24.631Z;0;0;0;36
f4a70b94c0f0672dc6493d156518ae25c3976a06;2020-11-25T01_02_24.638Z;0;0;0;36
f4a70b94c0f0672dc6493d156518ae25c3976a06;2020-11-25T01_02_24.648Z;0;0;0;36
f4a70b94c0f0672dc6493d156518ae25c3976a06;2020-11-25T13_28_41.579Z;0;0;0;36
f4a70b94c0f0672dc6493d156518ae25c3976a06;2020-11-26T00_18_57.338Z;0;0;0;36
f4a70b94c0f0672dc6493d156518ae25c3976a06;2020-11-26T00_49_56.707Z;0;0;0;36
f4a70b94c0f0672dc6493d156518ae25c3976a06;2020-11-26T00_59_54.963Z;0;0;0;36
f4a70b94c0f0672dc6493d156518ae25c3976a06;2020-11-26T01_00_15.585Z;0;0;0;36
f4a70b94c0f0672dc6493d156518ae25c3976a06;2020-11-26T03_36_43.915Z;0;0;0;36
f585fa117b6526204820e0b1eb2a80d27b8592f5;2020-11-16T20_12_58.392Z;0;0;0;36
f585fa117b6526204820e0b1eb2a80d27b8592f5;2020-11-16T21_14_05.965Z;0;0;0;36
f585fa117b6526204820e0b1eb2a80d27b8592f5;2020-11-16T21_20_58.327Z;0;0;0;13
f585fa117b6526204820e0b1eb2a80d27b8592f5;2020-11-16T21_25_20.036Z;0;0;13;23
f585fa117b6526204820e0b1eb2a80d27b8592f5;2020-11-16T21_26_05.266Z;0;0;0;36
f585fa117b6526204820e0b1eb2a80d27b8592f5;2020-11-16T21_44_04.391Z;0;0;0;36
f585fa117b6526204820e0b1eb2a80d27b8592f5;2020-11-16T21_48_55.826Z;0;0;0;36
f585fa117b6526204820e0b1eb2a80d27b8592f5;2020-11-16T21_53_16.940Z;0;0;0;36
f585fa117b6526204820e0b1eb2a80d27b8592f5;2020-11-17T19_41_18.394Z;0;0;0;36
f585fa117b6526204820e0b1eb2a80d27b8592f5;2020-11-21T22_45_54.040Z;0;0;0;36
f585fa117b6526204820e0b1eb2a80d27b8592f5;2020-11-21T23_18_33.630Z;0;0;0;36
f585fa117b6526204820e0b1eb2a80d27b8592f5;2020-11-21T23_18_47.353Z;0;0;4;32
f585fa117b6526204820e0b1eb2a80d27b8592f5;2020-11-21T23_39_53.039Z;0;0;0;36
f585fa117b6526204820e0b1eb2a80d27b8592f5;2020-11-22T00_40_37.382Z;1;0;0;17
f585fa117b6526204820e0b1eb2a80d27b8592f5;2020-11-22T02_35_59.044Z;0;0;9;27
f585fa117b6526204820e0b1eb2a80d27b8592f5;2020-11-22T02_47_44.832Z;0;0;0;36
f585fa117b6526204820e0b1eb2a80d27b8592f5;2020-11-22T03_01_16.983Z;0;0;0;36
f585fa117b6526204820e0b1eb2a80d27b8592f5;2020-11-22T03_11_59.962Z;0;0;0;36
f6a45f0aa04a8d131333739859a926bcbc8a12a9;2020-11-23T16_00_40.229Z;0;0;0;36
f6a45f0aa04a8d131333739859a926bcbc8a12a9;2020-11-23T16_00_50.376Z;0;0;0;36
f6a45f0aa04a8d131333739859a926bcbc8a12a9;2020-11-23T16_00_58.258Z;1;0;0;0
f6a45f0aa04a8d131333739859a926bcbc8a12a9;2020-11-23T16_02_08.305Z;0;0;0;13
f6a45f0aa04a8d131333739859a926bcbc8a12a9;2020-11-23T16_06_38.281Z;2;0;0;0
f6a45f0aa04a8d131333739859a926bcbc8a12a9;2020-11-23T16_24_06.126Z;0;0;0;17
f6a45f0aa04a8d131333739859a926bcbc8a12a9;2020-11-23T16_50_04.099Z;0;0;13;23
f6a45f0aa04a8d131333739859a926bcbc8a12a9;2020-11-23T17_00_21.076Z;0;12;16;20
f6a45f0aa04a8d131333739859a926bcbc8a12a9;2020-11-25T11_31_36.479Z;0;12;16;20
f6a45f0aa04a8d131333739859a926bcbc8a12a9;2020-11-25T14_08_45.562Z;0;8;12;24
f6a45f0aa04a8d131333739859a926bcbc8a12a9;2020-11-25T15_24_01.223Z;0;2;9;27
f6a45f0aa04a8d131333739859a926bcbc8a12a9;2020-11-25T16_19_01.780Z;0;21;21;15
f6a45f0aa04a8d131333739859a926bcbc8a12a9;2020-11-25T17_04_57.539Z;0;3;9;27
f6a45f0aa04a8d131333739859a926bcbc8a12a9;2020-11-25T17_29_11.921Z;0;0;13;23
f6a45f0aa04a8d131333739859a926bcbc8a12a9;2020-11-25T18_21_06.270Z;0;3;9;27
f6a45f0aa04a8d131333739859a926bcbc8a12a9;2020-11-25T18_36_25.721Z;0;3;9;27
f6a45f0aa04a8d131333739859a926bcbc8a12a9;2020-11-25T19_13_35.212Z;0;0;13;23
f6a45f0aa04a8d131333739859a926bcbc8a12a9;2020-11-25T20_50_44.820Z;0;3;9;27
f6a45f0aa04a8d131333739859a926bcbc8a12a9;2020-11-25T22_19_24.133Z;0;0;13;23
f6a45f0aa04a8d131333739859a926bcbc8a12a9;2020-11-26T00_16_48.888Z;0;0;0;36
f6a45f0aa04a8d131333739859a926bcbc8a12a9;2020-11-26T01_58_07.195Z;0;0;0;36
f6a45f0aa04a8d131333739859a926bcbc8a12a9;2020-11-26T02_49_41.262Z;0;0;13;23
f6a45f0aa04a8d131333739859a926bcbc8a12a9;2020-11-26T03_54_12.565Z;0;8;11;25
f6a45f0aa04a8d131333739859a926bcbc8a12a9;2020-11-26T03_57_53.690Z;0;0;0;36
f6a45f0aa04a8d131333739859a926bcbc8a12a9;2020-11-26T04_53_15.856Z;0;3;7;29
f6a45f0aa04a8d131333739859a926bcbc8a12a9;2020-11-26T04_57_33.398Z;0;0;0;36
f724564ebbaf4cbfa45bbb21a883b9b4e33108ed;2020-11-21T12_16_24.838Z;1;0;0;0
f724564ebbaf4cbfa45bbb21a883b9b4e33108ed;2020-11-21T12_16_47.893Z;1;0;0;0
f724564ebbaf4cbfa45bbb21a883b9b4e33108ed;2020-11-21T12_16_58.754Z;0;0;0;13
f724564ebbaf4cbfa45bbb21a883b9b4e33108ed;2020-11-21T12_17_13.156Z;0;0;0;13
f724564ebbaf4cbfa45bbb21a883b9b4e33108ed;2020-11-22T19_14_21.282Z;2;0;0;0
f724564ebbaf4cbfa45bbb21a883b9b4e33108ed;2020-11-23T14_45_58.106Z;2;0;0;0
f724564ebbaf4cbfa45bbb21a883b9b4e33108ed;2020-11-23T14_59_27.410Z;2;0;0;0
f724564ebbaf4cbfa45bbb21a883b9b4e33108ed;2020-11-23T16_24_52.259Z;2;0;0;0
f724564ebbaf4cbfa45bbb21a883b9b4e33108ed;2020-11-23T16_43_37.690Z;2;0;0;0
f724564ebbaf4cbfa45bbb21a883b9b4e33108ed;2020-11-24T17_27_14.115Z;2;0;0;0
f724564ebbaf4cbfa45bbb21a883b9b4e33108ed;2020-11-24T18_09_04.397Z;2;0;0;0
f724564ebbaf4cbfa45bbb21a883b9b4e33108ed;2020-11-24T18_34_34.745Z;0;0;0;36
f724564ebbaf4cbfa45bbb21a883b9b4e33108ed;2020-11-24T18_35_22.551Z;0;0;0;36
f724564ebbaf4cbfa45bbb21a883b9b4e33108ed;2020-11-24T18_49_58.683Z;0;14;14;22
f724564ebbaf4cbfa45bbb21a883b9b4e33108ed;2020-11-24T19_14_25.643Z;0;2;6;30
f724564ebbaf4cbfa45bbb21a883b9b4e33108ed;2020-11-24T19_48_38.074Z;0;2;2;34
f724564ebbaf4cbfa45bbb21a883b9b4e33108ed;2020-11-24T20_47_52.706Z;1;0;0;17
f724564ebbaf4cbfa45bbb21a883b9b4e33108ed;2020-11-24T22_29_46.545Z;1;0;0;17
f724564ebbaf4cbfa45bbb21a883b9b4e33108ed;2020-11-25T16_25_42.075Z;2;0;0;0
f724564ebbaf4cbfa45bbb21a883b9b4e33108ed;2020-11-25T16_59_17.655Z;0;2;2;34
f724564ebbaf4cbfa45bbb21a883b9b4e33108ed;2020-11-25T18_13_36.129Z;0;4;4;32
f724564ebbaf4cbfa45bbb21a883b9b4e33108ed;2020-11-25T21_15_07.833Z;0;4;4;32
f724564ebbaf4cbfa45bbb21a883b9b4e33108ed;2020-11-25T21_42_43.274Z;0;2;2;34
f724564ebbaf4cbfa45bbb21a883b9b4e33108ed;2020-11-25T21_51_14.893Z;0;0;0;36
f724564ebbaf4cbfa45bbb21a883b9b4e33108ed;2020-11-25T22_04_03.597Z;0;0;0;36
f724564ebbaf4cbfa45bbb21a883b9b4e33108ed;2020-11-25T22_15_09.296Z;0;4;4;32
f724564ebbaf4cbfa45bbb21a883b9b4e33108ed;2020-11-25T22_28_15.643Z;0;1;1;35
f724564ebbaf4cbfa45bbb21a883b9b4e33108ed;2020-11-25T22_57_25.903Z;0;4;4;32
f724564ebbaf4cbfa45bbb21a883b9b4e33108ed;2020-11-25T23_11_59.825Z;0;1;1;35
f724564ebbaf4cbfa45bbb21a883b9b4e33108ed;2020-11-26T00_07_43.786Z;0;0;0;36
f789e70e136b898f3580af7fe3fc63c5b741991b;2020-11-15T20_04_24.573Z;0;0;0;36
f789e70e136b898f3580af7fe3fc63c5b741991b;2020-11-15T20_05_36.717Z;0;0;0;36
f789e70e136b898f3580af7fe3fc63c5b741991b;2020-11-15T20_05_50.937Z;2;0;0;0
f789e70e136b898f3580af7fe3fc63c5b741991b;2020-11-15T20_12_17.884Z;0;0;0;36
f789e70e136b898f3580af7fe3fc63c5b741991b;2020-11-15T20_32_05.916Z;0;0;0;36
f789e70e136b898f3580af7fe3fc63c5b741991b;2020-11-15T20_33_16.567Z;2;0;0;0
f789e70e136b898f3580af7fe3fc63c5b741991b;2020-11-15T20_38_18.952Z;0;0;0;36
f789e70e136b898f3580af7fe3fc63c5b741991b;2020-11-15T20_38_53.541Z;0;0;0;36
f789e70e136b898f3580af7fe3fc63c5b741991b;2020-11-15T20_39_09.107Z;0;0;0;36
f789e70e136b898f3580af7fe3fc63c5b741991b;2020-11-15T20_39_11.961Z;0;0;0;36
f789e70e136b898f3580af7fe3fc63c5b741991b;2020-11-17T16_54_58.736Z;0;0;0;13
f789e70e136b898f3580af7fe3fc63c5b741991b;2020-11-17T16_57_57.227Z;0;0;13;23
f789e70e136b898f3580af7fe3fc63c5b741991b;2020-11-17T16_57_57.236Z;0;0;0;36
f789e70e136b898f3580af7fe3fc63c5b741991b;2020-11-17T16_57_57.248Z;0;0;0;36
f789e70e136b898f3580af7fe3fc63c5b741991b;2020-11-17T16_57_57.265Z;0;0;0;36
f789e70e136b898f3580af7fe3fc63c5b741991b;2020-11-17T16_57_57.273Z;0;13;13;23
f789e70e136b898f3580af7fe3fc63c5b741991b;2020-11-17T17_45_30.500Z;2;0;0;0
f789e70e136b898f3580af7fe3fc63c5b741991b;2020-11-18T08_18_10.381Z;0;2;7;29
f789e70e136b898f3580af7fe3fc63c5b741991b;2020-11-18T08_34_41.271Z;0;2;6;30
f789e70e136b898f3580af7fe3fc63c5b741991b;2020-11-23T20_57_12.169Z;1;0;0;17
f789e70e136b898f3580af7fe3fc63c5b741991b;2020-11-23T21_12_32.292Z;1;0;0;17
f789e70e136b898f3580af7fe3fc63c5b741991b;2020-11-25T03_43_32.441Z;1;0;0;17
f789e70e136b898f3580af7fe3fc63c5b741991b;2020-11-25T13_08_51.985Z;0;2;6;30
f789e70e136b898f3580af7fe3fc63c5b741991b;2020-11-25T13_35_49.138Z;0;2;6;30
f789e70e136b898f3580af7fe3fc63c5b741991b;2020-11-25T13_55_45.969Z;0;0;13;23
f789e70e136b898f3580af7fe3fc63c5b741991b;2020-11-25T14_07_10.730Z;1;0;0;17
f789e70e136b898f3580af7fe3fc63c5b741991b;2020-11-25T14_44_00.871Z;0;4;10;26
f789e70e136b898f3580af7fe3fc63c5b741991b;2020-11-25T15_45_10.887Z;0;2;6;30
f789e70e136b898f3580af7fe3fc63c5b741991b;2020-11-25T18_41_24.444Z;0;2;6;30
f789e70e136b898f3580af7fe3fc63c5b741991b;2020-11-25T20_17_42.082Z;0;2;6;30
f789e70e136b898f3580af7fe3fc63c5b741991b;2020-11-25T20_45_16.385Z;0;4;8;28
f789e70e136b898f3580af7fe3fc63c5b741991b;2020-11-25T20_49_12.068Z;1;0;0;17
f789e70e136b898f3580af7fe3fc63c5b741991b;2020-11-26T00_45_06.277Z;0;4;8;28
f789e70e136b898f3580af7fe3fc63c5b741991b;2020-11-26T00_50_10.145Z;1;0;0;17
f789e70e136b898f3580af7fe3fc63c5b741991b;2020-11-26T01_04_08.497Z;1;0;0;17
f789e70e136b898f3580af7fe3fc63c5b741991b;2020-11-26T01_06_14.382Z;2;0;0;0
f789e70e136b898f3580af7fe3fc63c5b741991b;2020-11-26T01_28_37.460Z;1;0;0;17
f789e70e136b898f3580af7fe3fc63c5b741991b;2020-11-26T01_42_24.253Z;2;0;0;0
f789e70e136b898f3580af7fe3fc63c5b741991b;2020-11-26T02_09_35.405Z;0;4;4;32
f789e70e136b898f3580af7fe3fc63c5b741991b;2020-11-26T02_20_07.041Z;0;0;0;36
f789e70e136b898f3580af7fe3fc63c5b741991b;2020-11-26T02_36_53.701Z;0;0;0;36
f789e70e136b898f3580af7fe3fc63c5b741991b;2020-11-26T03_05_57.831Z;0;0;0;36
f789e70e136b898f3580af7fe3fc63c5b741991b;2020-11-26T04_21_05.219Z;0;0;0;36
f789e70e136b898f3580af7fe3fc63c5b741991b;2020-11-26T04_25_10.246Z;0;0;0;36
f904cf4af455a40289408485efcc117e1a9b60ad;2020-11-20T01_08_32.984Z;1;0;0;0
f904cf4af455a40289408485efcc117e1a9b60ad;2020-11-20T01_08_46.072Z;0;0;0;13
f904cf4af455a40289408485efcc117e1a9b60ad;2020-11-20T01_10_31.721Z;1;0;0;17
f904cf4af455a40289408485efcc117e1a9b60ad;2020-11-20T01_47_50.031Z;2;0;0;0
f904cf4af455a40289408485efcc117e1a9b60ad;2020-11-23T02_33_59.080Z;2;0;0;0
f904cf4af455a40289408485efcc117e1a9b60ad;2020-11-24T18_45_18.957Z;2;0;0;0
f9b3517060098c41fc220990ba51263fa76c34c5;2020-11-25T19_00_00.767Z;1;0;0;0
f9b3517060098c41fc220990ba51263fa76c34c5;2020-11-25T19_02_30.176Z;2;0;0;0
f9b3517060098c41fc220990ba51263fa76c34c5;2020-11-25T20_36_02.975Z;0;0;0;36
f9b3517060098c41fc220990ba51263fa76c34c5;2020-11-25T20_36_15.996Z;0;0;0;36
f9b3517060098c41fc220990ba51263fa76c34c5;2020-11-25T20_36_29.119Z;0;0;0;36
f9b3517060098c41fc220990ba51263fa76c34c5;2020-11-25T20_36_36.521Z;0;0;0;36
f9b3517060098c41fc220990ba51263fa76c34c5;2020-11-25T21_42_00.755Z;0;0;0;36
f9b3517060098c41fc220990ba51263fa76c34c5;2020-11-25T22_08_23.250Z;0;0;0;13
f9b3517060098c41fc220990ba51263fa76c34c5;2020-11-25T22_09_11.938Z;0;0;0;36
f9b3517060098c41fc220990ba51263fa76c34c5;2020-11-25T22_09_11.945Z;0;0;0;36
f9b3517060098c41fc220990ba51263fa76c34c5;2020-11-25T22_09_32.862Z;0;0;0;36
f9b3517060098c41fc220990ba51263fa76c34c5;2020-11-25T22_26_19.107Z;0;0;13;23
f9b3517060098c41fc220990ba51263fa76c34c5;2020-11-26T00_22_17.106Z;0;0;13;23
f9b3517060098c41fc220990ba51263fa76c34c5;2020-11-26T00_38_31.505Z;0;0;13;23
f9b3517060098c41fc220990ba51263fa76c34c5;2020-11-26T00_52_40.984Z;0;0;0;36
f9b3517060098c41fc220990ba51263fa76c34c5;2020-11-26T02_17_23.226Z;0;0;6;30
f9b3517060098c41fc220990ba51263fa76c34c5;2020-11-26T02_50_06.851Z;0;0;0;36
f9b3517060098c41fc220990ba51263fa76c34c5;2020-11-26T03_30_10.863Z;0;0;0;36
f9b3517060098c41fc220990ba51263fa76c34c5;2020-11-26T03_30_42.465Z;0;0;0;36
f9b3517060098c41fc220990ba51263fa76c34c5;2020-11-26T03_42_22.310Z;0;0;0;36
f9b3517060098c41fc220990ba51263fa76c34c5;2020-11-26T03_47_05.364Z;0;0;0;36
f9bca1aec5accded1070638cdde237bb8c81c301;2020-11-14T14_40_35.215Z;0;0;0;36
f9bca1aec5accded1070638cdde237bb8c81c301;2020-11-14T14_40_59.552Z;0;0;0;36
f9bca1aec5accded1070638cdde237bb8c81c301;2020-11-14T14_41_07.502Z;0;0;0;36
f9bca1aec5accded1070638cdde237bb8c81c301;2020-11-19T02_10_30.199Z;0;0;0;36
f9bca1aec5accded1070638cdde237bb8c81c301;2020-11-19T02_13_25.779Z;0;0;0;36
f9bca1aec5accded1070638cdde237bb8c81c301;2020-11-19T02_34_31.018Z;0;0;0;36
f9bca1aec5accded1070638cdde237bb8c81c301;2020-11-19T02_58_13.251Z;0;0;0;36
f9bca1aec5accded1070638cdde237bb8c81c301;2020-11-19T03_32_54.242Z;0;0;0;36
f9bca1aec5accded1070638cdde237bb8c81c301;2020-11-22T15_07_15.133Z;0;0;0;36
f9bca1aec5accded1070638cdde237bb8c81c301;2020-11-22T15_22_18.293Z;0;0;0;13
f9bca1aec5accded1070638cdde237bb8c81c301;2020-11-22T15_41_54.661Z;1;0;0;17
f9bca1aec5accded1070638cdde237bb8c81c301;2020-11-22T15_46_04.356Z;0;0;0;36
f9bca1aec5accded1070638cdde237bb8c81c301;2020-11-22T15_46_22.638Z;0;0;0;36
f9bca1aec5accded1070638cdde237bb8c81c301;2020-11-22T15_47_02.908Z;0;0;0;36
f9bca1aec5accded1070638cdde237bb8c81c301;2020-11-22T16_42_38.721Z;0;0;0;36
f9bca1aec5accded1070638cdde237bb8c81c301;2020-11-22T16_42_38.729Z;0;0;0;36
f9bca1aec5accded1070638cdde237bb8c81c301;2020-11-22T16_44_33.644Z;0;0;0;17
f9bca1aec5accded1070638cdde237bb8c81c301;2020-11-22T16_45_59.820Z;0;0;0;36
f9bca1aec5accded1070638cdde237bb8c81c301;2020-11-22T16_49_24.654Z;0;0;0;36
f9bca1aec5accded1070638cdde237bb8c81c301;2020-11-22T17_02_01.151Z;0;0;0;36
f9bca1aec5accded1070638cdde237bb8c81c301;2020-11-22T17_09_17.682Z;0;0;0;36
f9bca1aec5accded1070638cdde237bb8c81c301;2020-11-22T18_49_13.470Z;1;0;0;17
f9bca1aec5accded1070638cdde237bb8c81c301;2020-11-23T16_19_58.897Z;0;0;0;36
f9bca1aec5accded1070638cdde237bb8c81c301;2020-11-23T16_21_02.720Z;0;0;0;36
f9bca1aec5accded1070638cdde237bb8c81c301;2020-11-23T16_21_52.934Z;0;0;0;36
f9bca1aec5accded1070638cdde237bb8c81c301;2020-11-23T16_26_26.626Z;0;0;7;19
f9bca1aec5accded1070638cdde237bb8c81c301;2020-11-23T16_49_56.084Z;1;0;0;17
f9bca1aec5accded1070638cdde237bb8c81c301;2020-11-23T22_01_16.456Z;1;0;0;17
f9bca1aec5accded1070638cdde237bb8c81c301;2020-11-24T17_21_00.980Z;1;0;0;17
f9bca1aec5accded1070638cdde237bb8c81c301;2020-11-24T23_35_22.741Z;1;0;0;17
f9bca1aec5accded1070638cdde237bb8c81c301;2020-11-25T00_18_39.681Z;0;0;0;36
f9bca1aec5accded1070638cdde237bb8c81c301;2020-11-25T00_18_58.384Z;1;0;0;17
f9bca1aec5accded1070638cdde237bb8c81c301;2020-11-25T00_39_31.194Z;0;0;0;36
f9bca1aec5accded1070638cdde237bb8c81c301;2020-11-25T00_40_29.372Z;0;1;13;23
f9bca1aec5accded1070638cdde237bb8c81c301;2020-11-25T01_13_46.590Z;0;0;0;36
f9bca1aec5accded1070638cdde237bb8c81c301;2020-11-25T01_41_46.851Z;0;0;0;36
f9bca1aec5accded1070638cdde237bb8c81c301;2020-11-25T01_41_58.197Z;0;1;13;23
f9bca1aec5accded1070638cdde237bb8c81c301;2020-11-25T01_41_58.203Z;0;0;0;36
f9bca1aec5accded1070638cdde237bb8c81c301;2020-11-25T01_48_56.282Z;0;0;0;36
f9bca1aec5accded1070638cdde237bb8c81c301;2020-11-25T01_49_31.662Z;0;12;12;24
f9bca1aec5accded1070638cdde237bb8c81c301;2020-11-25T02_19_41.761Z;0;5;5;31
f9bca1aec5accded1070638cdde237bb8c81c301;2020-11-25T18_00_47.962Z;0;1;5;31
f9bca1aec5accded1070638cdde237bb8c81c301;2020-11-25T21_41_21.914Z;0;1;1;35
f9bca1aec5accded1070638cdde237bb8c81c301;2020-11-25T21_59_32.850Z;0;1;13;23
f9bca1aec5accded1070638cdde237bb8c81c301;2020-11-25T22_26_24.171Z;0;1;13;23
f9bca1aec5accded1070638cdde237bb8c81c301;2020-11-25T23_18_18.690Z;0;2;10;26
f9bca1aec5accded1070638cdde237bb8c81c301;2020-11-25T23_25_44.780Z;2;0;0;0
f9bca1aec5accded1070638cdde237bb8c81c301;2020-11-25T23_28_51.894Z;0;0;8;28
f9bca1aec5accded1070638cdde237bb8c81c301;2020-11-26T01_05_07.432Z;0;1;1;35
f9bca1aec5accded1070638cdde237bb8c81c301;2020-11-26T01_21_17.423Z;0;0;8;28
f9bca1aec5accded1070638cdde237bb8c81c301;2020-11-26T15_37_59.854Z;0;0;8;28
f9bca1aec5accded1070638cdde237bb8c81c301;2020-11-26T16_37_58.046Z;0;0;0;36
f9bca1aec5accded1070638cdde237bb8c81c301;2020-11-26T17_00_50.197Z;0;0;8;28
f9bca1aec5accded1070638cdde237bb8c81c301;2020-11-26T17_16_35.687Z;0;0;8;28
f9bca1aec5accded1070638cdde237bb8c81c301;2020-11-26T18_06_35.721Z;0;0;4;32
f9bca1aec5accded1070638cdde237bb8c81c301;2020-11-26T20_37_11.966Z;0;0;4;32
f9bca1aec5accded1070638cdde237bb8c81c301;2020-11-26T21_34_00.230Z;0;0;3;33
f9bca1aec5accded1070638cdde237bb8c81c301;2020-11-26T21_49_31.132Z;0;0;0;36
f9bca1aec5accded1070638cdde237bb8c81c301;2020-11-26T21_59_39.302Z;0;0;0;36
f9bca1aec5accded1070638cdde237bb8c81c301;2020-11-26T22_23_38.012Z;0;0;0;36
f9bca1aec5accded1070638cdde237bb8c81c301;2020-11-26T22_23_38.026Z;0;0;0;36
f9fbdcf24195ad559c966a8f75610043b7cdf377;2020-11-19T22_55_43.367Z;1;0;0;0
f9fbdcf24195ad559c966a8f75610043b7cdf377;2020-11-19T22_57_37.405Z;0;0;0;13
f9fbdcf24195ad559c966a8f75610043b7cdf377;2020-11-19T22_59_15.433Z;0;0;15;21
f9fbdcf24195ad559c966a8f75610043b7cdf377;2020-11-19T22_59_54.873Z;0;0;13;23
f9fbdcf24195ad559c966a8f75610043b7cdf377;2020-11-19T23_45_12.045Z;0;12;16;20
f9fbdcf24195ad559c966a8f75610043b7cdf377;2020-11-20T00_15_14.842Z;0;12;12;24
f9fbdcf24195ad559c966a8f75610043b7cdf377;2020-11-20T01_25_54.902Z;0;12;12;24
f9fbdcf24195ad559c966a8f75610043b7cdf377;2020-11-23T22_05_56.184Z;0;12;12;24
f9fbdcf24195ad559c966a8f75610043b7cdf377;2020-11-23T23_13_07.097Z;0;5;5;31
f9fbdcf24195ad559c966a8f75610043b7cdf377;2020-11-24T00_12_47.313Z;0;1;5;31
f9fbdcf24195ad559c966a8f75610043b7cdf377;2020-11-24T01_22_26.111Z;0;1;1;35
f9fbdcf24195ad559c966a8f75610043b7cdf377;2020-11-24T01_58_03.727Z;1;0;0;17
f9fbdcf24195ad559c966a8f75610043b7cdf377;2020-11-24T02_42_19.460Z;1;0;0;17
f9fbdcf24195ad559c966a8f75610043b7cdf377;2020-11-24T03_01_13.510Z;1;0;0;17
f9fbdcf24195ad559c966a8f75610043b7cdf377;2020-11-24T04_35_28.725Z;0;0;13;23
f9fbdcf24195ad559c966a8f75610043b7cdf377;2020-11-24T17_25_49.401Z;0;0;13;23
f9fbdcf24195ad559c966a8f75610043b7cdf377;2020-11-24T17_33_27.279Z;0;0;0;36
f9fbdcf24195ad559c966a8f75610043b7cdf377;2020-11-24T19_05_53.806Z;0;0;0;36
f9fbdcf24195ad559c966a8f75610043b7cdf377;2020-11-24T19_14_45.137Z;0;0;13;23
f9fbdcf24195ad559c966a8f75610043b7cdf377;2020-11-25T01_59_43.147Z;0;0;6;30
f9fbdcf24195ad559c966a8f75610043b7cdf377;2020-11-25T02_19_20.228Z;0;0;6;30
f9fbdcf24195ad559c966a8f75610043b7cdf377;2020-11-25T02_40_39.104Z;1;0;0;17
f9fbdcf24195ad559c966a8f75610043b7cdf377;2020-11-25T03_49_22.800Z;0;2;2;34
f9fbdcf24195ad559c966a8f75610043b7cdf377;2020-11-26T01_29_00.452Z;0;0;0;36
f9fbdcf24195ad559c966a8f75610043b7cdf377;2020-11-26T01_44_05.716Z;0;2;2;34
f9fbdcf24195ad559c966a8f75610043b7cdf377;2020-11-26T01_47_37.601Z;0;0;0;36
f9fbdcf24195ad559c966a8f75610043b7cdf377;2020-11-26T02_18_02.562Z;0;0;0;36
f9fbdcf24195ad559c966a8f75610043b7cdf377;2020-11-26T02_19_05.607Z;0;2;2;34
fb73ea9cf4691e35b05bfd0192b1ba7f0d2dbc8f;2020-11-19T19_08_23.020Z;1;0;0;0
fb73ea9cf4691e35b05bfd0192b1ba7f0d2dbc8f;2020-11-19T19_14_23.717Z;2;0;0;0
fb73ea9cf4691e35b05bfd0192b1ba7f0d2dbc8f;2020-11-25T21_47_22.196Z;0;0;0;13
fb73ea9cf4691e35b05bfd0192b1ba7f0d2dbc8f;2020-11-25T21_48_22.676Z;0;0;13;23
fb73ea9cf4691e35b05bfd0192b1ba7f0d2dbc8f;2020-11-25T22_16_07.580Z;0;1;1;35
fb73ea9cf4691e35b05bfd0192b1ba7f0d2dbc8f;2020-11-25T22_51_36.733Z;1;0;0;17
fb73ea9cf4691e35b05bfd0192b1ba7f0d2dbc8f;2020-11-25T23_41_53.306Z;0;0;13;23
fb73ea9cf4691e35b05bfd0192b1ba7f0d2dbc8f;2020-11-26T00_12_02.075Z;0;1;1;35
fb73ea9cf4691e35b05bfd0192b1ba7f0d2dbc8f;2020-11-26T00_15_57.661Z;1;0;0;17
fb73ea9cf4691e35b05bfd0192b1ba7f0d2dbc8f;2020-11-26T00_37_41.809Z;0;0;6;30
fb73ea9cf4691e35b05bfd0192b1ba7f0d2dbc8f;2020-11-26T00_55_38.218Z;1;0;0;17
fb73ea9cf4691e35b05bfd0192b1ba7f0d2dbc8f;2020-11-26T01_12_56.393Z;0;1;1;35
fb73ea9cf4691e35b05bfd0192b1ba7f0d2dbc8f;2020-11-26T01_40_27.472Z;0;0;0;36
fb73ea9cf4691e35b05bfd0192b1ba7f0d2dbc8f;2020-11-26T01_45_38.522Z;0;0;0;36
fb73ea9cf4691e35b05bfd0192b1ba7f0d2dbc8f;2020-11-26T04_35_29.078Z;0;0;0;36
fb73ea9cf4691e35b05bfd0192b1ba7f0d2dbc8f;2020-11-26T04_47_38.935Z;0;0;0;36
fb73ea9cf4691e35b05bfd0192b1ba7f0d2dbc8f;2020-11-26T04_58_47.373Z;0;0;0;36
fb73ea9cf4691e35b05bfd0192b1ba7f0d2dbc8f;2020-11-26T05_00_37.405Z;0;0;0;36
fe2e08430cd89089761b57c837a57065a1f7c07f;2020-11-15T02_44_51.137Z;0;0;0;36
fe2e08430cd89089761b57c837a57065a1f7c07f;2020-11-15T02_54_49.048Z;1;0;0;0
fe2e08430cd89089761b57c837a57065a1f7c07f;2020-11-15T02_54_55.259Z;1;0;0;0
fe2e08430cd89089761b57c837a57065a1f7c07f;2020-11-15T08_58_28.210Z;2;0;0;0
fe2e08430cd89089761b57c837a57065a1f7c07f;2020-11-15T09_21_51.501Z;2;0;0;0
fe2e08430cd89089761b57c837a57065a1f7c07f;2020-11-15T19_40_56.539Z;2;0;0;0
fe2e08430cd89089761b57c837a57065a1f7c07f;2020-11-16T04_46_27.686Z;2;0;0;0
fe2e08430cd89089761b57c837a57065a1f7c07f;2020-11-16T05_50_46.137Z;0;12;12;24
fe2e08430cd89089761b57c837a57065a1f7c07f;2020-11-16T05_53_35.904Z;0;0;0;36
fe2e08430cd89089761b57c837a57065a1f7c07f;2020-11-16T07_05_47.607Z;0;12;12;24
fe2e08430cd89089761b57c837a57065a1f7c07f;2020-11-16T07_06_04.305Z;0;0;0;36
fe2e08430cd89089761b57c837a57065a1f7c07f;2020-11-16T07_06_05.924Z;0;0;0;36
fe2e08430cd89089761b57c837a57065a1f7c07f;2020-11-16T09_00_56.262Z;2;0;0;0
fe2e08430cd89089761b57c837a57065a1f7c07f;2020-11-16T20_38_58.991Z;2;0;0;0
fe2e08430cd89089761b57c837a57065a1f7c07f;2020-11-16T21_28_01.084Z;2;0;0;0
fe2e08430cd89089761b57c837a57065a1f7c07f;2020-11-16T21_51_42.106Z;2;0;0;0
fe2e08430cd89089761b57c837a57065a1f7c07f;2020-11-16T22_42_16.782Z;0;0;0;36
fe2e08430cd89089761b57c837a57065a1f7c07f;2020-11-16T22_42_22.936Z;0;0;0;36
fe2e08430cd89089761b57c837a57065a1f7c07f;2020-11-16T22_44_30.775Z;0;2;2;34
fe2e08430cd89089761b57c837a57065a1f7c07f;2020-11-17T01_36_59.923Z;0;0;0;36
fe2e08430cd89089761b57c837a57065a1f7c07f;2020-11-17T01_37_01.775Z;0;0;0;36
fe2e08430cd89089761b57c837a57065a1f7c07f;2020-11-17T01_39_02.341Z;0;0;0;13
fe2e08430cd89089761b57c837a57065a1f7c07f;2020-11-17T01_41_06.280Z;1;0;0;17
fe2e08430cd89089761b57c837a57065a1f7c07f;2020-11-17T05_51_17.175Z;1;0;0;17
fe2e08430cd89089761b57c837a57065a1f7c07f;2020-11-17T06_15_05.833Z;1;0;0;17
fe2e08430cd89089761b57c837a57065a1f7c07f;2020-11-17T08_31_22.364Z;1;0;0;17
fe2e08430cd89089761b57c837a57065a1f7c07f;2020-11-17T09_13_51.775Z;1;0;0;17
fe2e08430cd89089761b57c837a57065a1f7c07f;2020-11-17T20_18_21.488Z;0;0;6;30
fe2e08430cd89089761b57c837a57065a1f7c07f;2020-11-17T20_55_45.213Z;0;2;2;34
fe2e08430cd89089761b57c837a57065a1f7c07f;2020-11-17T21_07_00.141Z;1;0;0;17
fe2e08430cd89089761b57c837a57065a1f7c07f;2020-11-17T22_10_08.578Z;1;0;0;17
fe2e08430cd89089761b57c837a57065a1f7c07f;2020-11-17T22_50_51.696Z;0;0;0;36
fe2e08430cd89089761b57c837a57065a1f7c07f;2020-11-17T23_11_30.626Z;0;0;0;36
fe2e08430cd89089761b57c837a57065a1f7c07f;2020-11-17T23_36_21.330Z;0;0;0;36
fe2e08430cd89089761b57c837a57065a1f7c07f;2020-11-17T23_36_41.808Z;0;2;2;34
fe2e08430cd89089761b57c837a57065a1f7c07f;2020-11-17T23_56_15.291Z;0;2;2;34
fe2e08430cd89089761b57c837a57065a1f7c07f;2020-11-18T00_08_31.553Z;0;0;0;36
fe2e08430cd89089761b57c837a57065a1f7c07f;2020-11-18T00_55_04.751Z;0;0;0;36
fe2e08430cd89089761b57c837a57065a1f7c07f;2020-11-18T00_57_13.949Z;0;2;2;34
fe2e08430cd89089761b57c837a57065a1f7c07f;2020-11-18T01_21_05.999Z;0;0;0;36
fe2e08430cd89089761b57c837a57065a1f7c07f;2020-11-18T01_28_36.871Z;0;0;0;36
fe2e08430cd89089761b57c837a57065a1f7c07f;2020-11-18T01_59_22.664Z;0;0;0;36
fe2e08430cd89089761b57c837a57065a1f7c07f;2020-11-18T16_56_27.023Z;0;0;0;36
fee49cbc8cf946fadb723614b8caafb24a1c6d48;2020-11-18T08_04_07.923Z;0;0;0;36
fee49cbc8cf946fadb723614b8caafb24a1c6d48;2020-11-18T08_04_16.188Z;0;0;0;13
fee49cbc8cf946fadb723614b8caafb24a1c6d48;2020-11-18T08_06_35.675Z;0;0;0;36
fee49cbc8cf946fadb723614b8caafb24a1c6d48;2020-11-18T08_06_45.926Z;1;0;0;17
fee49cbc8cf946fadb723614b8caafb24a1c6d48;2020-11-19T04_35_43.018Z;0;0;0;36
fee49cbc8cf946fadb723614b8caafb24a1c6d48;2020-11-19T05_01_44.909Z;0;0;0;36
fee49cbc8cf946fadb723614b8caafb24a1c6d48;2020-11-19T05_02_13.225Z;2;0;0;0
fee49cbc8cf946fadb723614b8caafb24a1c6d48;2020-11-19T05_03_29.619Z;1;0;0;17
fee49cbc8cf946fadb723614b8caafb24a1c6d48;2020-11-19T05_05_35.850Z;2;0;0;0
fee49cbc8cf946fadb723614b8caafb24a1c6d48;2020-11-19T20_07_55.847Z;0;0;13;23
fee49cbc8cf946fadb723614b8caafb24a1c6d48;2020-11-19T20_33_25.013Z;2;0;0;0
fee49cbc8cf946fadb723614b8caafb24a1c6d48;2020-11-20T17_17_38.579Z;2;0;0;0
fee49cbc8cf946fadb723614b8caafb24a1c6d48;2020-11-20T17_49_18.896Z;0;12;13;23
fee49cbc8cf946fadb723614b8caafb24a1c6d48;2020-11-23T20_58_52.406Z;0;1;8;28
fee49cbc8cf946fadb723614b8caafb24a1c6d48;2020-11-23T22_05_36.597Z;0;1;7;29
fee49cbc8cf946fadb723614b8caafb24a1c6d48;2020-11-23T22_20_44.944Z;2;0;0;0
fee49cbc8cf946fadb723614b8caafb24a1c6d48;2020-11-24T03_16_23.348Z;0;1;7;29
fee49cbc8cf946fadb723614b8caafb24a1c6d48;2020-11-24T03_40_48.240Z;0;1;3;33
fee49cbc8cf946fadb723614b8caafb24a1c6d48;2020-11-24T13_27_01.634Z;1;0;0;17
fee49cbc8cf946fadb723614b8caafb24a1c6d48;2020-11-24T14_05_56.013Z;1;0;0;17
fee49cbc8cf946fadb723614b8caafb24a1c6d48;2020-11-24T14_18_03.568Z;1;0;0;17
fee49cbc8cf946fadb723614b8caafb24a1c6d48;2020-11-24T14_51_12.677Z;0;0;13;23
fee49cbc8cf946fadb723614b8caafb24a1c6d48;2020-11-24T15_14_04.801Z;1;0;0;17
fee49cbc8cf946fadb723614b8caafb24a1c6d48;2020-11-24T16_12_33.651Z;0;0;13;23
fee49cbc8cf946fadb723614b8caafb24a1c6d48;2020-11-24T23_01_14.866Z;1;0;0;17
fee49cbc8cf946fadb723614b8caafb24a1c6d48;2020-11-25T01_13_12.017Z;1;0;0;17
fee49cbc8cf946fadb723614b8caafb24a1c6d48;2020-11-25T01_43_29.529Z;0;1;11;25
fee49cbc8cf946fadb723614b8caafb24a1c6d48;2020-11-25T04_17_30.817Z;0;3;9;27
fee49cbc8cf946fadb723614b8caafb24a1c6d48;2020-11-25T04_55_16.826Z;0;1;8;28
fee49cbc8cf946fadb723614b8caafb24a1c6d48;2020-11-25T05_27_11.576Z;1;0;0;17
fee49cbc8cf946fadb723614b8caafb24a1c6d48;2020-11-25T06_03_48.462Z;0;9;10;26
fee49cbc8cf946fadb723614b8caafb24a1c6d48;2020-11-25T17_57_54.669Z;0;9;10;26
fee49cbc8cf946fadb723614b8caafb24a1c6d48;2020-11-25T20_00_10.950Z;0;1;1;35
fee49cbc8cf946fadb723614b8caafb24a1c6d48;2020-11-25T20_41_19.568Z;1;0;0;17
fee49cbc8cf946fadb723614b8caafb24a1c6d48;2020-11-25T21_48_35.697Z;0;3;4;32
fee49cbc8cf946fadb723614b8caafb24a1c6d48;2020-11-25T21_49_20.791Z;0;0;0;36
fee49cbc8cf946fadb723614b8caafb24a1c6d48;2020-11-25T21_59_22.659Z;0;0;0;36
fee49cbc8cf946fadb723614b8caafb24a1c6d48;2020-11-25T22_06_29.376Z;0;3;4;32
fee49cbc8cf946fadb723614b8caafb24a1c6d48;2020-11-25T22_09_49.873Z;0;1;1;35
fee49cbc8cf946fadb723614b8caafb24a1c6d48;2020-11-25T22_21_29.881Z;0;3;4;32
fee49cbc8cf946fadb723614b8caafb24a1c6d48;2020-11-25T22_23_21.412Z;0;1;1;35
fee49cbc8cf946fadb723614b8caafb24a1c6d48;2020-11-25T22_33_49.440Z;0;1;1;35
fee49cbc8cf946fadb723614b8caafb24a1c6d48;2020-11-25T22_36_58.630Z;0;2;2;34
fee49cbc8cf946fadb723614b8caafb24a1c6d48;2020-11-25T22_57_48.193Z;0;2;2;34
fee49cbc8cf946fadb723614b8caafb24a1c6d48;2020-11-25T23_25_08.460Z;0;0;0;36
fee49cbc8cf946fadb723614b8caafb24a1c6d48;2020-11-25T23_28_45.408Z;0;0;0;36
fee49cbc8cf946fadb723614b8caafb24a1c6d48;2020-11-25T23_52_21.920Z;0;0;0;36
fee49cbc8cf946fadb723614b8caafb24a1c6d48;2020-11-26T00_16_40.753Z;2;0;0;0
fee49cbc8cf946fadb723614b8caafb24a1c6d48;2020-11-26T00_43_26.747Z;0;0;0;36
fee49cbc8cf946fadb723614b8caafb24a1c6d48;2020-11-26T00_46_05.891Z;0;0;0;36
fee49cbc8cf946fadb723614b8caafb24a1c6d48;2020-11-26T00_59_36.642Z;0;0;0;36
feed1621d6e46f3100522dadfbb9ecec17fe8ba4;2020-11-15T01_37_57.159Z;0;0;0;36
feed1621d6e46f3100522dadfbb9ecec17fe8ba4;2020-11-15T01_37_58.476Z;0;0;0;36
feed1621d6e46f3100522dadfbb9ecec17fe8ba4;2020-11-15T01_38_17.305Z;1;0;0;0
feed1621d6e46f3100522dadfbb9ecec17fe8ba4;2020-11-15T01_38_23.319Z;2;0;0;0
feed1621d6e46f3100522dadfbb9ecec17fe8ba4;2020-11-15T20_42_40.767Z;2;0;0;0
feed1621d6e46f3100522dadfbb9ecec17fe8ba4;2020-11-16T01_47_23.136Z;2;0;0;0
feed1621d6e46f3100522dadfbb9ecec17fe8ba4;2020-11-16T03_36_47.426Z;2;0;0;0
feed1621d6e46f3100522dadfbb9ecec17fe8ba4;2020-11-16T08_02_11.259Z;0;0;0;36
feed1621d6e46f3100522dadfbb9ecec17fe8ba4;2020-11-16T08_05_36.465Z;0;0;0;36
feed1621d6e46f3100522dadfbb9ecec17fe8ba4;2020-11-16T08_05_38.845Z;0;0;0;36
feed1621d6e46f3100522dadfbb9ecec17fe8ba4;2020-11-16T08_05_44.119Z;0;0;0;36
feed1621d6e46f3100522dadfbb9ecec17fe8ba4;2020-11-16T08_19_04.564Z;2;0;0;0
feed1621d6e46f3100522dadfbb9ecec17fe8ba4;2020-11-17T00_53_16.084Z;2;0;0;0
feed1621d6e46f3100522dadfbb9ecec17fe8ba4;2020-11-17T02_11_39.705Z;2;0;0;0
feed1621d6e46f3100522dadfbb9ecec17fe8ba4;2020-11-17T03_03_56.128Z;2;0;0;0
feed1621d6e46f3100522dadfbb9ecec17fe8ba4;2020-11-17T03_05_41.618Z;0;0;0;13
feed1621d6e46f3100522dadfbb9ecec17fe8ba4;2020-11-17T03_27_01.294Z;1;0;0;17
feed1621d6e46f3100522dadfbb9ecec17fe8ba4;2020-11-17T03_27_16.340Z;2;0;0;0
feed1621d6e46f3100522dadfbb9ecec17fe8ba4;2020-11-17T04_12_35.289Z;2;0;0;0
feed1621d6e46f3100522dadfbb9ecec17fe8ba4;2020-11-17T04_13_21.775Z;1;0;0;17
feed1621d6e46f3100522dadfbb9ecec17fe8ba4;2020-11-17T05_10_23.007Z;1;0;0;17
feed1621d6e46f3100522dadfbb9ecec17fe8ba4;2020-11-17T10_16_22.513Z;1;0;0;17
feed1621d6e46f3100522dadfbb9ecec17fe8ba4;2020-11-17T21_28_12.012Z;2;0;0;0
feed1621d6e46f3100522dadfbb9ecec17fe8ba4;2020-11-17T22_48_06.937Z;0;15;15;21
feed1621d6e46f3100522dadfbb9ecec17fe8ba4;2020-11-17T23_08_46.903Z;0;10;10;26
feed1621d6e46f3100522dadfbb9ecec17fe8ba4;2020-11-17T23_12_29.763Z;0;15;15;21
feed1621d6e46f3100522dadfbb9ecec17fe8ba4;2020-11-18T21_13_41.169Z;0;15;15;21
feed1621d6e46f3100522dadfbb9ecec17fe8ba4;2020-11-18T21_15_35.028Z;0;10;10;26
feed1621d6e46f3100522dadfbb9ecec17fe8ba4;2020-11-26T06_44_38.448Z;0;0;0;36
feed1621d6e46f3100522dadfbb9ecec17fe8ba4;2020-11-26T06_58_51.614Z;0;0;0;36
ff126a7ee3f7c8a16ba56d69ae9ae61028597309;2020-11-23T08_08_18.481Z;1;0;0;0
ff126a7ee3f7c8a16ba56d69ae9ae61028597309;2020-11-23T08_08_35.336Z;0;0;0;13
ff126a7ee3f7c8a16ba56d69ae9ae61028597309;2020-11-25T05_38_31.222Z;1;0;5;3
ff126a7ee3f7c8a16ba56d69ae9ae61028597309;2020-11-25T06_42_56.165Z;2;0;0;0
ff126a7ee3f7c8a16ba56d69ae9ae61028597309;2020-11-25T06_44_41.795Z;1;0;0;17
ff126a7ee3f7c8a16ba56d69ae9ae61028597309;2020-11-25T07_09_13.316Z;0;0;14;22
ff126a7ee3f7c8a16ba56d69ae9ae61028597309;2020-11-25T07_50_07.752Z;0;0;10;26
ff126a7ee3f7c8a16ba56d69ae9ae61028597309;2020-11-25T08_26_12.683Z;0;0;7;29
ff126a7ee3f7c8a16ba56d69ae9ae61028597309;2020-11-25T09_10_14.937Z;0;0;3;33
ff126a7ee3f7c8a16ba56d69ae9ae61028597309;2020-11-25T09_19_04.788Z;1;0;0;17
ff126a7ee3f7c8a16ba56d69ae9ae61028597309;2020-11-25T11_46_06.171Z;0;0;12;24
ff126a7ee3f7c8a16ba56d69ae9ae61028597309;2020-11-25T13_10_25.655Z;0;0;4;32
ff126a7ee3f7c8a16ba56d69ae9ae61028597309;2020-11-25T13_32_07.213Z;0;0;0;36
ff126a7ee3f7c8a16ba56d69ae9ae61028597309;2020-11-25T13_47_43.380Z;0;0;0;36
ff126a7ee3f7c8a16ba56d69ae9ae61028597309;2020-11-25T13_54_19.737Z;0;0;0;36
ff3a194928159b2440a0a89750ae23fbf55f279c;2020-11-14T00_21_52.765Z;0;0;0;36
ff3a194928159b2440a0a89750ae23fbf55f279c;2020-11-14T00_23_41.158Z;0;0;0;36
ff3a194928159b2440a0a89750ae23fbf55f279c;2020-11-25T01_52_10.395Z;0;0;0;36
ff3a194928159b2440a0a89750ae23fbf55f279c;2020-11-25T01_52_27.353Z;0;0;0;36
ff3a194928159b2440a0a89750ae23fbf55f279c;2020-11-25T01_52_37.144Z;0;0;0;13
ff3a194928159b2440a0a89750ae23fbf55f279c;2020-11-25T01_52_45.391Z;1;0;0;17
ff3a194928159b2440a0a89750ae23fbf55f279c;2020-11-25T02_24_04.153Z;0;0;0;36
ff3a194928159b2440a0a89750ae23fbf55f279c;2020-11-25T02_24_54.500Z;0;0;0;13
ff3a194928159b2440a0a89750ae23fbf55f279c;2020-11-25T02_25_14.978Z;2;0;0;0
ff3a194928159b2440a0a89750ae23fbf55f279c;2020-11-25T02_25_45.295Z;0;0;0;36
ff3a194928159b2440a0a89750ae23fbf55f279c;2020-11-25T02_38_33.378Z;0;0;0;36
ff3a194928159b2440a0a89750ae23fbf55f279c;2020-11-25T02_38_33.393Z;0;0;0;36
ff3a194928159b2440a0a89750ae23fbf55f279c;2020-11-25T02_49_26.274Z;2;0;0;0
ff3a194928159b2440a0a89750ae23fbf55f279c;2020-11-25T02_50_09.932Z;1;0;0;17
ff3a194928159b2440a0a89750ae23fbf55f279c;2020-11-25T02_52_49.693Z;0;0;0;36
ff3a194928159b2440a0a89750ae23fbf55f279c;2020-11-25T03_01_15.855Z;0;0;0;36
ff3a194928159b2440a0a89750ae23fbf55f279c;2020-11-25T03_03_03.880Z;2;0;0;0
ff3a194928159b2440a0a89750ae23fbf55f279c;2020-11-25T18_28_48.442Z;2;0;0;0
ff3a194928159b2440a0a89750ae23fbf55f279c;2020-11-25T18_29_13.691Z;0;0;0;36
ff3a194928159b2440a0a89750ae23fbf55f279c;2020-11-25T20_28_26.289Z;2;0;0;0
ff3a194928159b2440a0a89750ae23fbf55f279c;2020-11-26T00_12_10.242Z;0;0;0;13
ff3a194928159b2440a0a89750ae23fbf55f279c;2020-11-26T00_12_10.249Z;0;0;0;36
ff3a194928159b2440a0a89750ae23fbf55f279c;2020-11-26T00_13_56.425Z;0;0;0;36
ff3a194928159b2440a0a89750ae23fbf55f279c;2020-11-26T00_56_42.487Z;0;10;21;15
ff3a194928159b2440a0a89750ae23fbf55f279c;2020-11-26T00_56_42.494Z;0;0;0;36
ff3a194928159b2440a0a89750ae23fbf55f279c;2020-11-26T02_00_23.157Z;1;0;0;17
ff3a194928159b2440a0a89750ae23fbf55f279c;2020-11-26T05_08_40.097Z;1;0;0;17
ff3a194928159b2440a0a89750ae23fbf55f279c;2020-11-26T05_25_24.446Z;1;0;0;17
ff3a194928159b2440a0a89750ae23fbf55f279c;2020-11-26T05_41_33.132Z;0;0;13;23
ff3a194928159b2440a0a89750ae23fbf55f279c;2020-11-26T05_58_47.079Z;0;12;13;23
ff3a194928159b2440a0a89750ae23fbf55f279c;2020-11-26T06_16_12.955Z;0;12;13;23
ff3a194928159b2440a0a89750ae23fbf55f279c;2020-11-26T07_06_22.247Z;0;0;13;23
ff3a194928159b2440a0a89750ae23fbf55f279c;2020-11-26T07_42_46.606Z;0;0;0;36
ff3a194928159b2440a0a89750ae23fbf55f279c;2020-11-26T07_44_47.084Z;0;0;13;23
ff3a194928159b2440a0a89750ae23fbf55f279c;2020-11-26T10_08_59.846Z;0;0;0;36
ff3a194928159b2440a0a89750ae23fbf55f279c;2020-11-26T10_36_54.232Z;0;4;10;26
ff3a194928159b2440a0a89750ae23fbf55f279c;2020-11-26T10_57_37.310Z;0;8;11;25
ff3a194928159b2440a0a89750ae23fbf55f279c;2020-11-26T17_22_08.826Z;0;10;10;26
ff3a194928159b2440a0a89750ae23fbf55f279c;2020-11-26T17_43_03.607Z;0;0;0;36
ff3a194928159b2440a0a89750ae23fbf55f279c;2020-11-26T17_43_30.120Z;0;10;10;26
ff3a194928159b2440a0a89750ae23fbf55f279c;2020-11-26T19_34_32.339Z;0;10;10;26
ff3a194928159b2440a0a89750ae23fbf55f279c;2021-04-14T17_22_36.094Z;0;10;10;26
